# nu(cm-1)   I
      459   0.01751
      460   0.09988
      461   0.12034
      462   0.03968
      463  -0.00217
      464   0.02073
      465   0.07389
      466   0.05152
      467   0.02467
      468   0.00690
      469  -0.00675
      470   0.02957
      471   0.02478
      472  -0.00307
      473   0.03618
      474   0.08273
      475   0.06423
      476   0.04713
      477   0.03254
      478   0.03396
      479   0.07380
      480   0.10503
      481   0.09077
      482   0.07646
      483   0.10050
      484   0.13020
      485   0.11854
      486   0.13954
      487   0.15308
      488   0.14594
      489   0.11638
      490   0.20125
      491   0.19515
      492   0.16173
      493   0.14337
      494   0.10327
      495   0.06592
      496   0.05502
      497   0.04546
      498  -0.02372
      499  -0.02788
      500   0.00298
      501   0.04347
      502   0.05936
      503   0.03421
      504   0.00399
      505  -0.01975
      506   0.03690
      507   0.04136
      508   0.05571
      509   0.06895
      510   0.04838
      511   0.03581
      512   0.03423
      513   0.05414
      514   0.11687
      515   0.11912
      516   0.10424
      517   0.08981
      518   0.10985
      519   0.12178
      520   0.13677
      521   0.13958
      522   0.10243
      523   0.12696
      524   0.13266
      525   0.13818
      526   0.13456
      527   0.14827
      528   0.17547
      529   0.17260
      530   0.16208
      531   0.15639
      532   0.18063
      533   0.21463
      534   0.23158
      535   0.27411
      536   0.29866
      537   0.31633
      538   0.32417
      539   0.33566
      540   0.38240
      541   0.41534
      542   0.43884
      543   0.44948
      544   0.44351
      545   0.43041
      546   0.41516
      547   0.38207
      548   0.38093
      549   0.33782
      550   0.27897
      551   0.28226
      552   0.23255
      553   0.20821
      554   0.19648
      555   0.22101
      556   0.19099
      557   0.19434
      558   0.18713
      559   0.16257
      560   0.14880
      561   0.11776
      562   0.10612
      563   0.12915
      564   0.09914
      565   0.05906
      566   0.03119
      567   0.03565
      568   0.06608
      569   0.04423
      570   0.04041
      571   0.05249
      572   0.04933
      573   0.02770
      574   0.02628
      575   0.06248
      576   0.08434
      577   0.07120
      578   0.05581
      579   0.04108
      580   0.04420
      581   0.05102
      582   0.06628
      583   0.08681
      584   0.09779
      585   0.08291
      586   0.04538
      587   0.04259
      588   0.07535
      589   0.02982
      590   0.05799
      591   0.10364
      592   0.09837
      593   0.10807
      594   0.09209
      595   0.08230
      596   0.08370
      597   0.11213
      598   0.10632
      599   0.12059
      600   0.14458
      601   0.16989
      602   0.15997
      603   0.16856
      604   0.18513
      605   0.19268
      606   0.23032
      607   0.25063
      608   0.25687
      609   0.23990
      610   0.28560
      611   0.26892
      612   0.23851
      613   0.21331
      614   0.13914
      615   0.09838
      616   0.07874
      617   0.05223
      618   0.08353
      619   0.07151
      620   0.08043
      621   0.09370
      622   0.07346
      623   0.06163
      624   0.05545
      625   0.06145
      626   0.05282
      627   0.05135
      628   0.06061
      629   0.06578
      630   0.06422
      631   0.08189
      632   0.10706
      633   0.14333
      634   0.14205
      635   0.15438
      636   0.17812
      637   0.19155
      638   0.21625
      639   0.22418
      640   0.23277
      641   0.23110
      642   0.23578
      643   0.25030
      644   0.23451
      645   0.21035
      646   0.19431
      647   0.19036
      648   0.19725
      649   0.22688
      650   0.24312
      651   0.25163
      652   0.30629
      653   0.32252
      654   0.28727
      655   0.22273
      656   0.16798
      657   0.12378
      658   0.07745
      659   0.05012
      660   0.04271
      661   0.05294
      662   0.06439
      663   0.06826
      664   0.08341
      665   0.07027
      666   0.06759
      667   0.06145
      668   0.04694
      669   0.01002
      670   0.01298
      671   0.01910
      672   0.01650
      673   0.02830
      674   0.03513
      675   0.03824
      676   0.02648
      677   0.02641
      678   0.03007
      679   0.01711
      680  -0.00604
      681   0.02637
      682   0.01183
      683   0.00241
      684   0.02948
      685   0.04914
      686   0.03123
      687   0.02069
      688   0.03453
      689   0.05105
      690   0.03526
      691   0.02968
      692   0.03623
      693   0.05605
      694   0.03779
      695   0.04168
      696   0.03004
      697   0.01652
      698   0.02172
      699   0.00050
      700  -0.01565
      701  -0.01631
      702   0.01734
      703   0.01297
      704   0.01992
      705   0.03419
      706   0.03790
      707   0.02753
      708   0.03601
      709   0.06271
      710   0.09885
      711   0.12494
      712   0.13613
      713   0.15435
      714   0.20608
      715   0.19525
      716   0.14519
      717   0.10326
      718   0.08487
      719   0.06927
      720   0.06294
      721   0.04856
      722   0.03831
      723   0.02505
      724   0.04001
      725   0.05389
      726   0.05784
      727   0.03654
      728   0.05894
      729   0.06411
      730   0.05878
      731   0.05530
      732   0.06954
      733   0.08471
      734   0.09535
      735   0.06732
      736   0.06142
      737   0.04706
      738   0.04531
      739   0.05949
      740   0.08100
      741   0.04474
      742   0.05487
      743   0.06347
      744   0.03890
      745   0.05670
      746   0.06131
      747   0.05676
      748   0.06088
      749   0.04136
      750   0.06370
      751   0.06423
      752   0.03964
      753   0.02983
      754   0.01833
      755   0.02719
      756   0.03281
      757   0.04632
      758   0.03557
      759   0.04171
      760   0.02776
      761  -0.01008
      762   0.03671
      763   0.05965
      764   0.07091
      765   0.08480
      766   0.06984
      767   0.06542
      768   0.05766
      769   0.03857
      770   0.00726
      771   0.01299
      772   0.01692
      773   0.01269
      774   0.03429
      775   0.04276
      776   0.06221
      777   0.05949
      778   0.04966
      779   0.09746
      780   0.06305
      781   0.05049
      782   0.05260
      783   0.05878
      784   0.06215
      785   0.07384
      786   0.08063
      787   0.07962
      788   0.05208
      789   0.06669
      790   0.07279
      791   0.05647
      792   0.06587
      793   0.07391
      794   0.07464
      795   0.06833
      796   0.09040
      797   0.07919
      798   0.07424
      799   0.07607
      800   0.09885
      801   0.11875
      802   0.11283
      803   0.11285
      804   0.13214
      805   0.12520
      806   0.13153
      807   0.13196
      808   0.11710
      809   0.14438
      810   0.10444
      811   0.08927
      812   0.09344
      813   0.10665
      814   0.09268
      815   0.08959
      816   0.07577
      817   0.05839
      818   0.09975
      819   0.08504
      820   0.07941
      821   0.08884
      822   0.07923
      823   0.11546
      824   0.10939
      825   0.08553
      826   0.06259
      827   0.08599
      828   0.08527
      829   0.07999
      830   0.09190
      831   0.09980
      832   0.10432
      833   0.09679
      834   0.06256
      835   0.02002
      836   0.05499
      837   0.06345
      838   0.04911
      839   0.04145
      840   0.05137
      841   0.05622
      842   0.04254
      843   0.03044
      844   0.05872
      845   0.02030
      846   0.01612
      847   0.01865
      848   0.01515
      849  -0.00200
      850  -0.00591
      851   0.00386
      852  -0.02180
      853  -0.00991
      854  -0.02222
      855  -0.02296
      856  -0.00082
      857   0.00266
      858  -0.00117
      859   0.00118
      860   0.00231
      861   0.00130
      862   0.00313
      863  -0.00265
      864  -0.00504
      865   0.01565
      866   0.03841
      867   0.04189
      868   0.04067
      869   0.03524
      870   0.04652
      871   0.03995
      872   0.04579
      873   0.06732
      874   0.10037
      875   0.06505
      876   0.03931
      877   0.05994
      878   0.09898
      879   0.09783
      880   0.08494
      881   0.08653
      882   0.10247
      883   0.09582
      884   0.14245
      885   0.14906
      886   0.13808
      887   0.12871
      888   0.13644
      889   0.14232
      890   0.16781
      891   0.18147
      892   0.16692
      893   0.16421
      894   0.17235
      895   0.16633
      896   0.13393
      897   0.12736
      898   0.13572
      899   0.12540
      900   0.08360
      901   0.07645
      902   0.06526
      903   0.06942
      904   0.07612
      905   0.06672
      906   0.05529
      907   0.06431
      908   0.06570
      909   0.04613
      910   0.06140
      911   0.05832
      912   0.05352
      913   0.04850
      914   0.03185
      915   0.06281
      916   0.08105
      917   0.07342
      918   0.04385
      919   0.07806
      920   0.07971
      921   0.06843
      922   0.06363
      923   0.08810
      924   0.08515
      925   0.09064
      926   0.10178
      927   0.11813
      928   0.08258
      929   0.10812
      930   0.12675
      931   0.13467
      932   0.13969
      933   0.12899
      934   0.12342
      935   0.11468
      936   0.10282
      937   0.11216
      938   0.11422
      939   0.10202
      940   0.09285
      941   0.07536
      942   0.09381
      943   0.07391
      944   0.05347
      945   0.06428
      946   0.04339
      947   0.04389
      948   0.06161
      949   0.06488
      950   0.06941
      951   0.05036
      952   0.05775
      953   0.07256
      954   0.05224
      955   0.04319
      956   0.03709
      957   0.03669
      958   0.03714
      959   0.03052
      960   0.03683
      961   0.03579
      962   0.02377
      963   0.02926
      964   0.03578
      965   0.04664
      966   0.03713
      967   0.01621
      968   0.02589
      969   0.00506
      970  -0.01313
      971  -0.02146
      972   0.00480
      973   0.01916
      974   0.00912
      975   0.00348
      976   0.01592
      977   0.01940
      978   0.01474
      979   0.02603
      980   0.04432
      981   0.03366
      982   0.04547
      983   0.04973
      984   0.04883
      985   0.03483
      986   0.01183
      987   0.02510
      988   0.02186
      989   0.00651
      990   0.01018
      991   0.01341
      992  -0.01334
      993  -0.02574
      994   0.00542
      995   0.02902
      996   0.02580
      997   0.01941
      998   0.01210
      999   0.01530
     1000   0.01709
     1001   0.01838
     1002   0.02170
     1003   0.02266
     1004   0.00775
     1005   0.01060
     1006   0.01805
     1007   0.02739
     1008   0.03329
     1009   0.02279
     1010   0.02877
     1011   0.03726
     1012   0.04575
     1013   0.04858
     1014   0.03195
     1015   0.04021
     1016   0.05534
     1017   0.02071
     1018   0.01956
     1019   0.02102
     1020   0.02513
     1021   0.02717
     1022   0.01175
     1023   0.03297
     1024   0.04090
     1025   0.03557
     1026   0.03543
     1027   0.04919
     1028   0.06532
     1029   0.07112
     1030   0.07636
     1031   0.07067
     1032   0.08429
     1033   0.08309
     1034   0.08091
     1035   0.10674
     1036   0.12199
     1037   0.13668
     1038   0.14486
     1039   0.14784
     1040   0.16043
     1041   0.17605
     1042   0.18874
     1043   0.19726
     1044   0.20097
     1045   0.22068
     1046   0.21439
     1047   0.20388
     1048   0.19787
     1049   0.20546
     1050   0.19111
     1051   0.17530
     1052   0.15856
     1053   0.16206
     1054   0.13618
     1055   0.12570
     1056   0.12476
     1057   0.12857
     1058   0.12436
     1059   0.11288
     1060   0.10775
     1061   0.10450
     1062   0.10458
     1063   0.07206
     1064   0.07542
     1065   0.07586
     1066   0.07241
     1067   0.07838
     1068   0.09074
     1069   0.09661
     1070   0.10949
     1071   0.12051
     1072   0.09515
     1073   0.11826
     1074   0.13208
     1075   0.13873
     1076   0.14759
     1077   0.11250
     1078   0.12114
     1079   0.13324
     1080   0.14281
     1081   0.15474
     1082   0.16417
     1083   0.15245
     1084   0.16068
     1085   0.19664
     1086   0.19449
     1087   0.18780
     1088   0.18038
     1089   0.17645
     1090   0.17264
     1091   0.16425
     1092   0.15896
     1093   0.14993
     1094   0.14593
     1095   0.15572
     1096   0.16131
     1097   0.15369
     1098   0.14021
     1099   0.12181
     1100   0.13889
     1101   0.14727
     1102   0.14065
     1103   0.12383
     1104   0.11682
     1105   0.10008
     1106   0.09593
     1107   0.09057
     1108   0.08976
     1109   0.09825
     1110   0.08960
     1111   0.08881
     1112   0.09270
     1113   0.08590
     1114   0.07717
     1115   0.07688
     1116   0.06440
     1117   0.05164
     1118   0.06676
     1119   0.06611
     1120   0.06962
     1121   0.06940
     1122   0.08022
     1123   0.08189
     1124   0.08790
     1125   0.08755
     1126   0.07501
     1127   0.07262
     1128   0.08993
     1129   0.08576
     1130   0.08221
     1131   0.08479
     1132   0.09574
     1133   0.10238
     1134   0.10301
     1135   0.09303
     1136   0.09826
     1137   0.11649
     1138   0.11342
     1139   0.11362
     1140   0.11719
     1141   0.11650
     1142   0.13756
     1143   0.15118
     1144   0.15406
     1145   0.13460
     1146   0.13280
     1147   0.13957
     1148   0.15111
     1149   0.15417
     1150   0.14659
     1151   0.13656
     1152   0.13312
     1153   0.13722
     1154   0.14593
     1155   0.17805
     1156   0.14761
     1157   0.14732
     1158   0.14663
     1159   0.14485
     1160   0.14096
     1161   0.17035
     1162   0.16717
     1163   0.14930
     1164   0.17200
     1165   0.17415
     1166   0.16461
     1167   0.16988
     1168   0.18280
     1169   0.18251
     1170   0.21536
     1171   0.20057
     1172   0.18822
     1173   0.19534
     1174   0.18678
     1175   0.20086
     1176   0.19188
     1177   0.19189
     1178   0.22051
     1179   0.22569
     1180   0.24393
     1181   0.24646
     1182   0.24283
     1183   0.26863
     1184   0.25758
     1185   0.24275
     1186   0.24528
     1187   0.24002
     1188   0.23692
     1189   0.24166
     1190   0.24584
     1191   0.24920
     1192   0.24564
     1193   0.22346
     1194   0.22079
     1195   0.20993
     1196   0.19410
     1197   0.18342
     1198   0.19102
     1199   0.18477
     1200   0.17086
     1201   0.16358
     1202   0.15606
     1203   0.15836
     1204   0.14744
     1205   0.14115
     1206   0.15068
     1207   0.14274
     1208   0.13140
     1209   0.12973
     1210   0.13898
     1211   0.14188
     1212   0.12905
     1213   0.13534
     1214   0.12406
     1215   0.11695
     1216   0.14097
     1217   0.13398
     1218   0.11525
     1219   0.09724
     1220   0.09232
     1221   0.09058
     1222   0.11388
     1223   0.12251
     1224   0.12517
     1225   0.12262
     1226   0.11015
     1227   0.09853
     1228   0.11534
     1229   0.13465
     1230   0.08499
     1231   0.09519
     1232   0.10493
     1233   0.10353
     1234   0.09581
     1235   0.10310
     1236   0.12124
     1237   0.13104
     1238   0.12767
     1239   0.12692
     1240   0.12132
     1241   0.11033
     1242   0.10698
     1243   0.11618
     1244   0.12243
     1245   0.13501
     1246   0.13846
     1247   0.14117
     1248   0.14581
     1249   0.14819
     1250   0.17506
     1251   0.18641
     1252   0.19299
     1253   0.18820
     1254   0.18665
     1255   0.17681
     1256   0.18719
     1257   0.19891
     1258   0.19874
     1259   0.21719
     1260   0.21594
     1261   0.22245
     1262   0.23121
     1263   0.22234
     1264   0.21233
     1265   0.21482
     1266   0.20272
     1267   0.18417
     1268   0.17202
     1269   0.14092
     1270   0.13628
     1271   0.12159
     1272   0.10421
     1273   0.12658
     1274   0.08914
     1275   0.08971
     1276   0.10105
     1277   0.09887
     1278   0.06901
     1279   0.07878
     1280   0.07330
     1281   0.06630
     1282   0.06485
     1283   0.04303
     1284   0.05331
     1285   0.06613
     1286   0.07341
     1287   0.06665
     1288   0.04156
     1289   0.04599
     1290   0.04712
     1291   0.04471
     1292   0.03359
     1293   0.05590
     1294   0.06145
     1295   0.05198
     1296   0.04686
     1297   0.06564
     1298   0.05252
     1299   0.06289
     1300   0.07090
     1301   0.06374
     1302   0.05128
     1303   0.06283
     1304   0.05485
     1305   0.06480
     1306   0.09148
     1307   0.06518
     1308   0.06317
     1309   0.06385
     1310   0.06617
     1311   0.07164
     1312   0.05156
     1313   0.06755
     1314   0.06841
     1315   0.06009
     1316   0.07752
     1317   0.07773
     1318   0.08410
     1319   0.07350
     1320   0.06679
     1321   0.08880
     1322   0.09189
     1323   0.07839
     1324   0.07691
     1325   0.08914
     1326   0.10249
     1327   0.10639
     1328   0.08918
     1329   0.08477
     1330   0.09451
     1331   0.11796
     1332   0.11930
     1333   0.11206
     1334   0.10828
     1335   0.11173
     1336   0.10493
     1337   0.10515
     1338   0.11303
     1339   0.12072
     1340   0.12536
     1341   0.11633
     1342   0.12483
     1343   0.12838
     1344   0.13466
     1345   0.13928
     1346   0.13398
     1347   0.13934
     1348   0.12103
     1349   0.10962
     1350   0.13383
     1351   0.13700
     1352   0.12938
     1353   0.12068
     1354   0.11122
     1355   0.11070
     1356   0.10225
     1357   0.08982
     1358   0.08347
     1359   0.08588
     1360   0.08882
     1361   0.07186
     1362   0.08428
     1363   0.08618
     1364   0.07896
     1365   0.09055
     1366   0.09817
     1367   0.08705
     1368   0.08810
     1369   0.10017
     1370   0.08318
     1371   0.07560
     1372   0.09423
     1373   0.11254
     1374   0.10709
     1375   0.07802
     1376   0.10937
     1377   0.10675
     1378   0.11561
     1379   0.14259
     1380   0.14622
     1381   0.15312
     1382   0.15668
     1383   0.15819
     1384   0.14637
     1385   0.17376
     1386   0.18978
     1387   0.18228
     1388   0.15970
     1389   0.12570
     1390   0.13164
     1391   0.13338
     1392   0.13482
     1393   0.13325
     1394   0.11526
     1395   0.13127
     1396   0.12684
     1397   0.12035
     1398   0.12001
     1399   0.11078
     1400   0.09740
     1401   0.08778
     1402   0.09323
     1403   0.12020
     1404   0.13776
     1405   0.12092
     1406   0.11819
     1407   0.11559
     1408   0.11952
     1409   0.13263
     1410   0.14862
     1411   0.15008
     1412   0.15340
     1413   0.15253
     1414   0.14755
     1415   0.16109
     1416   0.15452
     1417   0.14500
     1418   0.13621
     1419   0.13458
     1420   0.17192
     1421   0.18695
     1422   0.18593
     1423   0.18558
     1424   0.18824
     1425   0.20403
     1426   0.20718
     1427   0.20354
     1428   0.20347
     1429   0.20236
     1430   0.20344
     1431   0.21340
     1432   0.23711
     1433   0.26606
     1434   0.28777
     1435   0.29154
     1436   0.29450
     1437   0.29511
     1438   0.29241
     1439   0.29263
     1440   0.30566
     1441   0.31856
     1442   0.33283
     1443   0.35363
     1444   0.36126
     1445   0.36655
     1446   0.36343
     1447   0.36266
     1448   0.35773
     1449   0.36458
     1450   0.33977
     1451   0.34656
     1452   0.35457
     1453   0.34457
     1454   0.34510
     1455   0.33453
     1456   0.34515
     1457   0.34821
     1458   0.32799
     1459   0.33923
     1460   0.33533
     1461   0.33631
     1462   0.34738
     1463   0.35809
     1464   0.36229
     1465   0.37115
     1466   0.37201
     1467   0.38421
     1468   0.39611
     1469   0.40750
     1470   0.40986
     1471   0.40129
     1472   0.38605
     1473   0.37837
     1474   0.39255
     1475   0.39629
     1476   0.37083
     1477   0.35937
     1478   0.35712
     1479   0.36438
     1480   0.37026
     1481   0.37026
     1482   0.35178
     1483   0.32164
     1484   0.31906
     1485   0.31677
     1486   0.31925
     1487   0.31228
     1488   0.27991
     1489   0.23991
     1490   0.24206
     1491   0.24030
     1492   0.24626
     1493   0.25235
     1494   0.24640
     1495   0.23778
     1496   0.25648
     1497   0.24917
     1498   0.23282
     1499   0.23646
     1500   0.23842
     1501   0.24313
     1502   0.23570
     1503   0.23588
     1504   0.24065
     1505   0.24992
     1506   0.25956
     1507   0.25727
     1508   0.25128
     1509   0.26168
     1510   0.25913
     1511   0.25014
     1512   0.24635
     1513   0.26039
     1514   0.29570
     1515   0.27814
     1516   0.27972
     1517   0.30493
     1518   0.32048
     1519   0.32688
     1520   0.32357
     1521   0.35009
     1522   0.36713
     1523   0.37583
     1524   0.36777
     1525   0.39601
     1526   0.40875
     1527   0.42691
     1528   0.42812
     1529   0.42300
     1530   0.43742
     1531   0.47267
     1532   0.48624
     1533   0.49895
     1534   0.50828
     1535   0.48697
     1536   0.45244
     1537   0.45490
     1538   0.46575
     1539   0.46132
     1540   0.44032
     1541   0.41954
     1542   0.42165
     1543   0.41099
     1544   0.37216
     1545   0.35929
     1546   0.36452
     1547   0.36000
     1548   0.36421
     1549   0.38052
     1550   0.41738
     1551   0.46056
     1552   0.54316
     1553   0.60017
     1554   0.61539
     1555   0.62642
     1556   0.59925
     1557   0.52060
     1558   0.45054
     1559   0.40288
     1560   0.36956
     1561   0.34559
     1562   0.34916
     1563   0.35523
     1564   0.35904
     1565   0.35334
     1566   0.34334
     1567   0.32852
     1568   0.33854
     1569   0.35507
     1570   0.36137
     1571   0.34839
     1572   0.34997
     1573   0.34391
     1574   0.32634
     1575   0.31480
     1576   0.30121
     1577   0.30094
     1578   0.28606
     1579   0.29549
     1580   0.33437
     1581   0.34091
     1582   0.34181
     1583   0.32857
     1584   0.33216
     1585   0.34969
     1586   0.37291
     1587   0.34770
     1588   0.35147
     1589   0.35818
     1590   0.37171
     1591   0.40449
     1592   0.39851
     1593   0.40944
     1594   0.42049
     1595   0.42795
     1596   0.43729
     1597   0.46187
     1598   0.48270
     1599   0.50625
     1600   0.53299
     1601   0.54912
     1602   0.58977
     1603   0.59369
     1604   0.61072
     1605   0.64450
     1606   0.68975
     1607   0.73709
     1608   0.76293
     1609   0.76880
     1610   0.78076
     1611   0.80042
     1612   0.82443
     1613   0.88405
     1614   0.91819
     1615   0.92906
     1616   0.94618
     1617   0.91913
     1618   0.97210
     1619   0.96893
     1620   0.97197
     1621   0.97909
     1622   0.99214
     1623   1.00000
     1624   0.99846
     1625   0.99806
     1626   0.97804
     1627   0.93703
     1628   0.93312
     1629   0.86194
     1630   0.80336
     1631   0.76688
     1632   0.73936
     1633   0.68943
     1634   0.61674
     1635   0.59743
     1636   0.56756
     1637   0.51246
     1638   0.45429
     1639   0.43569
     1640   0.40616
     1641   0.38613
     1642   0.37821
     1643   0.36326
     1644   0.38460
     1645   0.36911
     1646   0.35303
     1647   0.33062
     1648   0.31048
     1649   0.35442
     1650   0.31852
     1651   0.31989
     1652   0.31743
     1653   0.29350
     1654   0.30995
     1655   0.29754
     1656   0.29552
     1657   0.28029
     1658   0.26530
     1659   0.25846
     1660   0.25542
     1661   0.26528
     1662   0.25426
     1663   0.24671
     1664   0.24418
     1665   0.23918
     1666   0.24580
     1667   0.25983
     1668   0.25156
     1669   0.23530
     1670   0.21680
     1671   0.22353
     1672   0.24249
     1673   0.26138
     1674   0.25701
     1675   0.24653
     1676   0.24378
     1677   0.25240
     1678   0.25754
     1679   0.24006
     1680   0.23749
     1681   0.26031
     1682   0.26202
     1683   0.26064
     1684   0.27120
     1685   0.28411
     1686   0.26147
     1687   0.26222
     1688   0.26541
     1689   0.26932
     1690   0.27477
     1691   0.30714
     1692   0.28182
     1693   0.26667
     1694   0.27096
     1695   0.28100
     1696   0.29063
     1697   0.29061
     1698   0.30296
     1699   0.30403
     1700   0.29408
     1701   0.29067
     1702   0.30100
     1703   0.29236
     1704   0.28940
     1705   0.29091
     1706   0.29628
     1707   0.28649
     1708   0.27266
     1709   0.27074
     1710   0.25585
     1711   0.25090
     1712   0.28516
     1713   0.25620
     1714   0.24002
     1715   0.23532
     1716   0.23006
     1717   0.21917
     1718   0.20715
     1719   0.19859
     1720   0.19848
     1721   0.19754
     1722   0.19123
     1723   0.19765
     1724   0.21810
     1725   0.21613
     1726   0.21195
     1727   0.21506
     1728   0.18921
     1729   0.18928
     1730   0.16312
     1731   0.14725
     1732   0.14335
     1733   0.13659
     1734   0.14535
     1735   0.13304
     1736   0.14558
     1737   0.14736
     1738   0.12963
     1739   0.12652
     1740   0.14957
     1741   0.12584
     1742   0.10847
     1743   0.10677
     1744   0.12333
     1745   0.12709
     1746   0.13468
     1747   0.12568
     1748   0.12180
     1749   0.13465
     1750   0.10856
     1751   0.11125
     1752   0.12847
     1753   0.12209
     1754   0.08987
     1755   0.07909
     1756   0.08709
     1757   0.07441
     1758   0.08328
     1759   0.10669
     1760   0.11257
     1761   0.09832
     1762   0.10202
     1763   0.09172
     1764   0.08031
     1765   0.07088
     1766   0.07633
     1767   0.06825
     1768   0.08934
     1769   0.09908
     1770   0.09573
     1771   0.08275
     1772   0.09299
     1773   0.07844
     1774   0.08459
     1775   0.09155
     1776   0.06980
     1777   0.07602
     1778   0.06422
     1779   0.06616
     1780   0.06787
     1781   0.05919
     1782   0.03883
     1783   0.07913
     1784   0.07003
     1785   0.05854
     1786   0.06287
     1787   0.07164
     1788   0.09035
     1789   0.08419
     1790   0.08468
     1791   0.07267
     1792   0.05890
     1793   0.06092
     1794   0.07626
     1795   0.06544
     1796   0.06552
     1797   0.07134
     1798   0.07489
     1799   0.08883
     1800   0.09189
     1801   0.08776
     1802   0.08273
     1803   0.08770
     1804   0.08825
     1805   0.07309
     1806   0.06344
     1807   0.05918
     1808   0.05856
     1809   0.05407
     1810   0.06366
     1811   0.06880
     1812   0.07025
     1813   0.06167
     1814   0.05016
     1815   0.05077
     1816   0.05663
     1817   0.05264
     1818   0.04565
     1819   0.03044
     1820   0.04858
     1821   0.06951
     1822   0.05112
     1823   0.04644
     1824   0.05034
     1825   0.04072
     1826   0.01377
     1827   0.04092
     1828   0.05267
     1829   0.04554
     1830   0.03672
     1831   0.03020
     1832   0.02598
     1833   0.00486
     1834   0.00657
     1835   0.02047
     1836   0.02977
     1837   0.01195
     1838   0.00239
     1839   0.01878
     1840   0.02639
     1841   0.02370
     1842   0.02945
     1843   0.03569
     1844   0.01570
     1845   0.01314
     1846   0.01163
     1847   0.00233
     1848  -0.01066
     1849   0.00608
     1850   0.00503
     1851   0.00890
     1852   0.01990
     1853   0.02611
     1854   0.01163
     1855   0.00610
     1856   0.00787
     1857   0.01555
     1858   0.02669
     1859   0.03154
     1860   0.02770
     1861   0.01861
     1862   0.00998
     1863   0.01423
     1864   0.03351
     1865   0.05958
     1866   0.01407
     1867   0.01028
     1868   0.01571
     1869   0.02351
     1870   0.04138
     1871   0.01273
     1872   0.01442
     1873   0.02285
     1874   0.01418
     1875  -0.00769
     1876  -0.01325
     1877   0.00655
     1878   0.01362
     1879   0.00143
     1880  -0.01440
     1881  -0.00028
     1882   0.00551
     1883  -0.00760
     1884   0.00387
     1885   0.01898
     1886   0.02145
     1887  -0.01683
     1888   0.00065
     1889   0.01711
     1890   0.01567
     1891   0.00877
     1892   0.01688
     1893   0.04961
     1894   0.00851
     1895   0.00859
     1896   0.01058
     1897   0.00873
     1898   0.01604
     1899   0.00826
     1900   0.02964
     1901   0.02112
     1902   0.00314
     1903   0.00414
     1904  -0.00576
     1905   0.04339
     1906   0.03137
     1907   0.02023
     1908   0.02495
     1909   0.03705
     1910   0.04472
     1911   0.03234
     1912   0.02887
     1913   0.02221
     1914   0.02787
     1915   0.04267
     1916   0.02817
     1917   0.02445
     1918   0.03272
     1919   0.03349
     1920   0.02280
     1921   0.02037
     1922  -0.00553
     1923   0.00928
     1924   0.01010
     1925   0.00132
     1926   0.01825
     1927  -0.00602
     1928   0.00940
     1929   0.01022
     1930   0.00713
     1931   0.01405
     1932   0.01925
     1933   0.01797
     1934   0.02382
     1935   0.00813
     1936  -0.01172
     1937  -0.01300
     1938   0.00817
     1939  -0.00580
     1940   0.00588
     1941   0.00856
     1942  -0.00376
     1943  -0.02067
     1944  -0.01012
     1945  -0.02944
     1946  -0.00642
     1947   0.00642
     1948   0.00585
     1949   0.03353
     1950   0.00906
     1951   0.00856
     1952   0.02273
     1953   0.03264
     1954   0.02931
     1955   0.03297
     1956   0.01923
     1957   0.01749
     1958   0.01508
     1959   0.02428
     1960   0.03640
     1961   0.01656
     1962   0.05014
     1963   0.05195
     1964   0.03109
     1965   0.01774
     1966   0.02237
     1967   0.03178
     1968   0.02729
     1969   0.03728
     1970   0.02322
     1971   0.00303
     1972   0.03509
     1973   0.04136
     1974   0.05782
     1975   0.04812
     1976   0.03598
     1977   0.03898
     1978   0.04391
     1979   0.03381
     1980   0.02834
     1981   0.03343
     1982   0.05547
     1983   0.08305
     1984   0.02760
     1985   0.04478
     1986   0.03935
     1987   0.03619
     1988   0.04180
     1989   0.05154
     1990   0.06010
     1991   0.04367
     1992   0.05768
     1993   0.05285
     1994   0.04105
     1995   0.05643
     1996   0.05467
     1997   0.04100
     1998   0.03951
     1999   0.04369
     2000   0.04209
     2001   0.05315
     2002   0.07380
     2003   0.08161
     2004   0.07003
     2005   0.06540
     2006   0.07969
     2007   0.05704
     2008   0.07097
     2009   0.07066
     2010   0.06449
     2011   0.05954
     2012   0.06581
     2013   0.08309
     2014   0.07416
     2015   0.07347
     2016   0.08140
     2017   0.07959
     2018   0.05935
     2019   0.06905
     2020   0.04049
     2021   0.06522
     2022   0.07788
     2023   0.06258
     2024   0.06295
     2025   0.08708
     2026   0.08207
     2027   0.05806
     2028   0.04671
     2029   0.05438
     2030   0.07352
     2031   0.07514
     2032   0.04797
     2033   0.03734
     2034   0.03309
     2035   0.00990
     2036  -0.00090
     2037   0.05308
     2038   0.04812
     2039   0.03986
     2040   0.03691
     2041   0.03971
     2042   0.02586
     2043   0.03361
     2044   0.02134
     2045   0.01791
     2046   0.02377
     2047   0.03740
     2048   0.04914
     2049   0.04543
     2050   0.04444
     2051   0.04190
     2052   0.04321
     2053   0.06319
     2054   0.04657
     2055   0.05593
     2056   0.05245
     2057   0.05490
     2058   0.05574
     2059   0.04131
     2060   0.04881
     2061   0.03675
     2062   0.04478
     2063   0.05148
     2064   0.04602
     2065   0.02897
     2066   0.03942
     2067   0.04592
     2068   0.05282
     2069   0.06648
     2070   0.07972
     2071   0.08866
     2072   0.09603
     2073   0.06955
     2074   0.05294
     2075   0.05007
     2076   0.05664
     2077   0.07500
     2078   0.04099
     2079   0.09622
     2080   0.10072
     2081   0.07278
     2082   0.05744
     2083   0.09053
     2084   0.03126
     2085   0.07518
     2086   0.09556
     2087   0.08081
     2088   0.06934
     2089   0.08184
     2090   0.05806
     2091   0.06468
     2092   0.08960
     2093   0.09765
     2094   0.08964
     2095   0.08156
     2096   0.05494
     2097   0.06736
     2098   0.08378
     2099   0.08234
     2100   0.06723
     2101   0.07247
     2102   0.04305
     2103   0.04362
     2104   0.05644
     2105   0.07327
     2106   0.09562
     2107   0.11964
     2108   0.08132
     2109   0.10125
     2110   0.09574
     2111   0.06982
     2112   0.06114
     2113   0.07695
     2114   0.08428
     2115   0.09467
     2116   0.08638
     2117   0.07662
     2118   0.07727
     2119   0.08837
     2120   0.09392
     2121   0.11110
     2122   0.10361
     2123   0.08337
     2124   0.07382
     2125   0.05640
     2126   0.06092
     2127   0.05920
     2128   0.07289
     2129   0.07589
     2130   0.07602
     2131   0.09143
     2132   0.07216
     2133   0.08486
     2134   0.06201
     2135   0.02886
     2136   0.02285
     2137   0.03311
     2138   0.05165
     2139   0.05231
     2140   0.05615
     2141   0.07632
     2142   0.08470
     2143   0.04283
     2144   0.04932
     2145   0.05746
     2146   0.08394
     2147   0.08778
     2148   0.06564
     2149   0.08508
     2150   0.08289
     2151   0.06983
     2152   0.04369
     2153   0.02790
     2154   0.04443
     2155   0.06487
     2156   0.07246
     2157   0.06539
     2158   0.07223
     2159   0.07458
     2160   0.06435
     2161   0.07294
     2162   0.07501
     2163   0.08193
     2164   0.08343
     2165   0.07127
     2166   0.05452
     2167   0.05393
     2168   0.08722
     2169   0.07294
     2170   0.07460
     2171   0.07375
     2172   0.07319
     2173   0.09442
     2174   0.07054
     2175   0.07143
     2176   0.05710
     2177   0.05078
     2178   0.05080
     2179   0.04354
     2180   0.03011
     2181   0.01195
     2182   0.02602
     2183   0.04492
     2184   0.04851
     2185   0.03354
     2186   0.03204
     2187   0.04534
     2188   0.01369
     2189   0.01117
     2190   0.03805
     2191   0.06917
     2192   0.03501
     2193   0.02857
     2194   0.01654
     2195   0.00803
     2196   0.00864
     2197   0.01237
     2198   0.00037
     2199  -0.00988
     2200   0.00630
     2201   0.00763
     2202   0.01042
     2203   0.00555
     2204  -0.01301
     2205   0.03172
     2206   0.01926
     2207   0.02756
     2208   0.01670
     2209   0.00275
     2210   0.04771
     2211   0.01644
     2212   0.00406
     2213   0.02313
     2214   0.03355
     2215   0.02634
     2216   0.03266
     2217   0.00297
     2218   0.02136
     2219   0.00579
     2220   0.02025
     2221   0.04634
     2222   0.02716
     2223   0.01355
     2224   0.00870
     2225   0.00926
     2226   0.02498
     2227   0.08596
     2228   0.06585
     2229   0.05363
     2230   0.01119
     2231   0.00277
     2232   0.00691
     2233   0.01078
     2234   0.00890
     2235  -0.01924
     2236   0.01216
     2237  -0.00186
     2238  -0.00420
     2239   0.00476
     2240   0.02126
     2241   0.03197
     2242  -0.00035
     2243  -0.00639
     2244   0.01004
     2245   0.01639
     2246   0.00901
     2247   0.01656
     2248   0.00609
     2249   0.02157
     2250   0.00112
     2251  -0.00809
     2252  -0.01049
     2253  -0.01441
     2254  -0.00819
     2255  -0.02820
     2256  -0.00902
     2257  -0.00382
     2258  -0.01553
     2259  -0.01823
     2260  -0.00357
     2261  -0.02262
     2262   0.01016
     2263  -0.00486
     2264  -0.01077
     2265   0.00911
     2266   0.01964
     2267   0.00386
     2268   0.01030
     2269   0.01475
     2270   0.03235
     2271   0.04165
     2272   0.02581
     2273  -0.00228
     2274   0.00946
     2275   0.02044
     2276   0.02655
     2277   0.03844
     2278   0.04786
     2279   0.01979
     2280   0.02450
     2281   0.03253
     2282   0.04369
     2283   0.04425
     2284   0.04680
     2285   0.06781
     2286   0.04643
     2287   0.02956
     2288   0.03078
     2289   0.03913
     2290   0.04192
     2291   0.05235
     2292   0.06687
     2293   0.06920
     2294   0.03976
     2295   0.02522
     2296   0.03854
     2297   0.06039
     2298   0.04864
     2299   0.02997
     2300   0.01238
     2301  -0.00697
     2302   0.00408
     2303   0.03502
     2304   0.04088
     2305   0.00794
     2306   0.01690
     2307   0.03942
     2308   0.04604
     2309   0.04191
     2310   0.03825
     2311   0.01641
     2312   0.01793
     2313   0.01033
     2314   0.00657
     2315   0.01790
     2316   0.02938
     2317   0.02759
     2318   0.02993
     2319   0.07364
     2320   0.07538
     2321   0.07516
     2322   0.09466
     2323   0.10836
     2324   0.15936
     2325   0.27020
     2326   0.41808
     2327   0.56632
     2328   0.66737
     2329   0.70992
     2330   0.64166
     2331   0.54703
     2332   0.34963
     2333   0.18554
     2334   0.10861
     2335   0.09608
     2336   0.06490
     2337   0.00704
     2338   0.03827
     2339   0.03154
     2340   0.02533
     2341   0.02399
     2342   0.04019
     2343   0.04984
     2344   0.06464
     2345   0.04441
     2346   0.02426
     2347   0.02837
     2348   0.03224
     2349   0.01000
     2350   0.03688
     2351   0.04267
     2352   0.02229
     2353   0.03209
     2354   0.06116
     2355   0.06447
     2356   0.01974
     2357   0.01949
     2358   0.00544
     2359   0.01750
     2360   0.02132
     2361   0.00391
     2362   0.00336
     2363   0.02398
     2364   0.04708
     2365   0.03461
     2366   0.01909
     2367   0.02221
     2368   0.03779
     2369   0.04342
     2370   0.01351
     2371   0.01097
     2372   0.02488
     2373   0.01512
     2374   0.00198
     2375   0.01932
     2376  -0.00421
     2377   0.01229
     2378   0.00762
     2379  -0.00398
     2380  -0.01193
     2381  -0.00586
     2382   0.00805
     2383   0.00812
     2384  -0.00256
     2385   0.02031
     2386   0.03666
     2387   0.02236
     2388   0.01319
     2389   0.02616
     2390   0.01942
     2391  -0.00658
     2392  -0.01049
     2393   0.00906
     2394   0.00987
     2395  -0.01731
     2396   0.02463
     2397   0.01285
     2398   0.00187
     2399   0.00152
     2400   0.00481
     2401  -0.00601
     2402   0.01219
     2403   0.01134
     2404  -0.00573
     2405   0.00568
     2406   0.02185
     2407   0.02448
     2408   0.00806
     2409   0.02350
     2410   0.01818
     2411   0.02335
     2412   0.03019
     2413   0.02931
     2414   0.03965
     2415   0.03286
     2416   0.02721
     2417  -0.01447
     2418   0.01271
     2419   0.04152
     2420   0.03416
     2421   0.03570
     2422   0.04867
     2423   0.00501
     2424   0.02203
     2425   0.03643
     2426   0.03193
     2427   0.03334
     2428   0.04492
     2429   0.06497
     2430   0.03417
     2431   0.03527
     2432   0.04285
     2433   0.03215
     2434   0.02473
     2435   0.02767
     2436   0.03567
     2437   0.04698
     2438   0.04709
     2439   0.03287
     2440   0.02346
     2441   0.03168
     2442   0.00902
     2443   0.01440
     2444   0.02185
     2445   0.04094
     2446   0.04907
     2447   0.03725
     2448   0.05291
     2449   0.01652
     2450   0.02461
     2451   0.03571
     2452   0.02492
     2453   0.01518
     2454   0.03665
     2455   0.00660
     2456   0.00244
     2457   0.02107
     2458   0.01116
     2459   0.01334
     2460   0.02818
     2461   0.02633
     2462   0.01193
     2463   0.04445
     2464   0.04317
     2465   0.03001
     2466   0.02906
     2467   0.03848
     2468   0.03243
     2469   0.03657
     2470   0.05241
     2471   0.04330
     2472   0.03744
     2473   0.03206
     2474   0.02311
     2475   0.04022
     2476   0.04905
     2477   0.04716
     2478   0.05731
     2479   0.03295
     2480   0.00234
     2481   0.01324
     2482   0.02752
     2483   0.02345
     2484   0.05267
     2485   0.05276
     2486   0.03866
     2487   0.03683
     2488   0.03981
     2489   0.00255
     2490   0.00820
     2491   0.00669
     2492   0.01647
     2493   0.02068
     2494   0.02150
     2495   0.04459
     2496   0.00735
     2497  -0.00253
     2498   0.01606
     2499   0.02050
     2500   0.02351
     2501   0.03527
     2502   0.01153
     2503   0.00358
     2504   0.02490
     2505   0.04394
     2506   0.05748
     2507   0.05183
     2508   0.03571
     2509   0.05663
     2510   0.04580
     2511   0.05223
     2512   0.04575
     2513   0.03838
     2514   0.04927
     2515   0.06400
     2516   0.02102
     2517   0.07199
     2518   0.05094
     2519   0.07201
     2520   0.08203
     2521   0.07154
     2522   0.06324
     2523   0.07078
     2524   0.08931
     2525   0.06297
     2526   0.06964
     2527   0.06998
     2528   0.06422
     2529   0.06897
     2530   0.04799
     2531   0.05986
     2532   0.06040
     2533   0.06564
     2534   0.06582
     2535   0.05397
     2536   0.03680
     2537   0.01909
     2538   0.02877
     2539   0.02286
     2540   0.00792
     2541  -0.01003
     2542  -0.00770
     2543   0.03441
     2544   0.01866
     2545   0.05260
     2546   0.03658
     2547   0.02197
     2548   0.01956
     2549   0.01346
     2550  -0.02745
     2551   0.01670
     2552   0.00769
     2553   0.04248
     2554   0.03844
     2555   0.01438
     2556   0.01061
     2557   0.02899
     2558   0.02118
     2559   0.05371
     2560   0.05478
     2561   0.05055
     2562   0.03409
     2563   0.01711
     2564   0.00649
     2565   0.04808
     2566   0.05374
     2567   0.03371
     2568   0.03916
     2569   0.04612
     2570   0.04376
     2571   0.04954
     2572   0.06235
     2573   0.03919
     2574   0.03113
     2575   0.04106
     2576   0.03354
     2577   0.02057
     2578   0.04894
     2579   0.06558
     2580   0.05816
     2581   0.05189
     2582   0.03124
     2583   0.03036
     2584   0.04040
     2585   0.03449
     2586   0.04824
     2587   0.02125
     2588   0.04194
     2589   0.05836
     2590   0.04508
     2591   0.01699
     2592   0.01011
     2593   0.03642
     2594   0.02297
     2595   0.02811
     2596   0.02734
     2597   0.01469
     2598  -0.00348
     2599  -0.01950
     2600  -0.03224
     2601  -0.00837
     2602  -0.00679
     2603  -0.00948
     2604  -0.02137
     2605  -0.02110
     2606  -0.01935
     2607  -0.00096
     2608   0.02290
     2609   0.03495
     2610   0.00601
     2611  -0.01419
     2612  -0.02396
     2613  -0.03545
     2614  -0.03174
     2615  -0.01135
     2616  -0.00688
     2617  -0.01449
     2618  -0.02628
     2619  -0.03691
     2620  -0.03664
     2621  -0.00920
     2622  -0.00713
     2623  -0.01201
     2624  -0.01907
     2625   0.00294
     2626   0.01893
     2627  -0.00868
     2628  -0.04187
     2629  -0.03055
     2630  -0.00436
     2631  -0.01861
     2632   0.00554
     2633   0.02552
     2634  -0.00305
     2635   0.00384
     2636   0.00558
     2637  -0.00984
     2638  -0.00363
     2639  -0.00584
     2640  -0.01643
     2641  -0.01399
     2642   0.00400
     2643  -0.00220
     2644  -0.01498
     2645   0.01593
     2646   0.01105
     2647  -0.00391
     2648   0.01163
     2649   0.03715
     2650   0.03868
     2651   0.02832
     2652   0.03259
     2653   0.03892
     2654   0.04297
     2655   0.03687
     2656   0.02624
     2657   0.06764
     2658   0.02590
     2659   0.03963
     2660   0.01250
     2661   0.03512
     2662   0.05063
     2663   0.02001
     2664   0.03757
     2665   0.08969
     2666   0.06125
     2667   0.04333
     2668   0.03605
     2669   0.02632
     2670   0.01504
     2671   0.04743
     2672   0.06669
     2673   0.08581
     2674   0.07979
     2675   0.06411
     2676   0.05817
     2677   0.07217
     2678   0.08830
     2679   0.05227
     2680   0.04755
     2681   0.06292
     2682   0.04228
     2683   0.02544
     2684   0.03768
     2685   0.05179
     2686   0.04701
     2687   0.02677
     2688   0.03358
     2689   0.03360
     2690   0.03101
     2691   0.04003
     2692   0.03728
     2693   0.02699
     2694   0.03847
     2695   0.03750
     2696   0.04391
     2697   0.06103
     2698   0.05152
     2699   0.03014
     2700   0.04131
     2701   0.09666
     2702   0.05233
     2703   0.06166
     2704   0.04810
     2705   0.04402
     2706   0.04917
     2707   0.03687
     2708   0.00719
     2709   0.06317
     2710   0.05463
     2711   0.04017
     2712   0.04764
     2713   0.06414
     2714   0.05360
     2715   0.04827
     2716   0.00754
     2717   0.04176
     2718   0.03674
     2719   0.05289
     2720   0.05740
     2721   0.04001
     2722   0.02507
     2723   0.03609
     2724   0.08589
     2725   0.04528
     2726   0.04856
     2727   0.05179
     2728   0.05620
     2729   0.06855
     2730   0.05239
     2731   0.01306
     2732   0.02284
     2733   0.04877
     2734   0.04435
     2735   0.03129
     2736   0.03768
     2737   0.06103
     2738   0.03308
     2739   0.02003
     2740   0.01561
     2741   0.04987
     2742   0.05530
     2743   0.04605
     2744   0.06043
     2745   0.06039
     2746   0.03002
     2747   0.02662
     2748   0.04636
     2749   0.05054
     2750   0.05017
     2751   0.04654
     2752   0.04456
     2753  -0.00922
     2754   0.01583
     2755  -0.00162
     2756   0.03652
     2757   0.04194
     2758   0.03501
     2759   0.05090
     2760   0.03027
     2761   0.05826
     2762   0.02420
     2763   0.02482
     2764   0.01234
     2765   0.01371
     2766   0.02387
     2767   0.00916
     2768   0.00622
     2769   0.01576
     2770   0.02053
     2771   0.00676
     2772   0.01985
     2773   0.02387
     2774   0.00657
     2775   0.02163
     2776   0.00973
     2777   0.00199
     2778   0.01080
     2779   0.00062
     2780   0.00381
     2781   0.01485
     2782   0.01169
     2783  -0.00477
     2784   0.02742
     2785   0.01010
     2786   0.00990
     2787   0.00932
     2788   0.00564
     2789   0.01484
     2790   0.02658
     2791   0.02109
     2792   0.02841
     2793   0.04018
     2794   0.03555
     2795   0.04154
     2796   0.05667
     2797   0.04005
     2798  -0.00699
     2799  -0.00503
     2800   0.04751
     2801   0.04426
     2802   0.02642
     2803   0.01078
     2804   0.00573
     2805   0.01496
     2806   0.02550
     2807   0.02278
     2808  -0.00108
     2809   0.00604
     2810   0.01359
     2811   0.01605
     2812   0.02442
     2813   0.02161
     2814   0.00143
     2815   0.00867
     2816   0.00170
     2817  -0.00388
     2818  -0.00644
     2819   0.00255
     2820  -0.00004
     2821  -0.01831
     2822   0.01028
     2823   0.02650
     2824  -0.03176
     2825  -0.01771
     2826  -0.02114
     2827  -0.01829
     2828   0.00348
     2829  -0.02052
     2830  -0.01712
     2831   0.01425
     2832   0.03679
     2833   0.02599
     2834   0.01351
     2835   0.01322
     2836   0.00728
     2837   0.01336
     2838   0.02019
     2839  -0.00236
     2840   0.00754
     2841   0.01081
     2842   0.00617
     2843   0.01764
     2844   0.03781
     2845  -0.00108
     2846   0.00248
     2847   0.02209
     2848   0.01800
     2849  -0.00126
     2850   0.01144
     2851   0.03549
     2852   0.02997
     2853  -0.01136
     2854  -0.04027
     2855  -0.01882
     2856   0.02445
     2857   0.03296
     2858   0.02181
     2859   0.01233
     2860   0.01209
     2861   0.01226
     2862   0.02744
     2863  -0.01071
     2864  -0.00808
     2865   0.03354
     2866   0.04761
     2867   0.02217
     2868   0.02366
     2869   0.03008
     2870   0.02724
     2871   0.03106
     2872  -0.00142
     2873  -0.02135
     2874   0.00312
     2875   0.02594
     2876   0.03035
     2877   0.07295
     2878   0.06636
     2879   0.02826
     2880   0.01745
     2881   0.02184
     2882   0.02511
     2883   0.02787
     2884   0.03656
     2885   0.02930
     2886   0.04623
     2887   0.05286
     2888   0.04625
     2889   0.07163
     2890   0.05908
     2891   0.00981
     2892   0.02496
     2893   0.00604
     2894   0.01182
     2895  -0.00319
     2896   0.01804
     2897   0.04245
     2898   0.02506
     2899  -0.00883
     2900  -0.01214
     2901  -0.01759
     2902  -0.00135
     2903   0.01892
     2904  -0.00381
     2905  -0.02365
     2906  -0.02792
     2907  -0.03249
     2908   0.00692
     2909  -0.00584
     2910  -0.03576
     2911  -0.02982
     2912  -0.05850
     2913  -0.05812
     2914  -0.01991
     2915   0.01471
     2916  -0.00563
     2917   0.00082
     2918  -0.03782
     2919   0.00190
     2920   0.01469
     2921   0.03161
     2922   0.01892
     2923   0.00340
     2924   0.00923
     2925  -0.01439
     2926  -0.00957
     2927   0.02710
     2928   0.03231
     2929   0.03038
     2930   0.03439
     2931   0.05035
     2932   0.05198
     2933   0.04663
     2934   0.04793
     2935   0.03432
     2936   0.05740
     2937   0.10839
     2938   0.16153
     2939   0.16162
     2940   0.10314
     2941   0.07635
     2942   0.11166
     2943   0.05555
     2944   0.06996
     2945   0.08101
     2946   0.05970
     2947   0.02924
     2948   0.01452
     2949   0.00439
     2950   0.00440
     2951  -0.01097
     2952   0.01821
     2953   0.02979
     2954   0.03838
     2955   0.04441
     2956   0.00564
     2957  -0.00323
     2958  -0.00522
     2959  -0.04350
     2960  -0.00131
     2961   0.02842
     2962   0.03452
     2963   0.00725
     2964  -0.02242
     2965  -0.01580
     2966   0.02013
     2967  -0.00555
     2968   0.01059
     2969   0.02874
     2970   0.01560
     2971   0.01407
