   5.0100000e+02   1.3697021e-01
   5.0200000e+02   1.5550268e-01
   5.0300000e+02   1.6732327e-01
   5.0400000e+02   1.7623908e-01
   5.0500000e+02   1.7377401e-01
   5.0600000e+02   1.6238445e-01
   5.0700000e+02   1.4877287e-01
   5.0800000e+02   1.3814938e-01
   5.0900000e+02   1.0603097e-01
   5.1000000e+02   6.3895414e-02
   5.1100000e+02   1.5867880e-02
   5.1200000e+02   4.8979496e-02
   5.1300000e+02   4.4771266e-02
   5.1400000e+02   1.1091892e-02
   5.1500000e+02   3.3231111e-02
   5.1600000e+02   2.6675930e-02
   5.1700000e+02  -2.3888961e-04
   5.1800000e+02   1.1019559e-03
   5.1900000e+02  -9.2576387e-03
   5.2000000e+02  -1.8344244e-02
   5.2100000e+02  -7.1923865e-04
   5.2200000e+02   2.6393061e-02
   5.2300000e+02   4.7836461e-02
   5.2400000e+02   5.3852658e-02
   5.2500000e+02   5.0596734e-02
   5.2600000e+02   4.8675454e-02
   5.2700000e+02   5.6102230e-02
   5.2800000e+02   7.1136649e-02
   5.2900000e+02   7.7332032e-02
   5.3000000e+02   4.6251386e-02
   5.3100000e+02   4.3041481e-02
   5.3200000e+02   5.1608737e-02
   5.3300000e+02   6.8870219e-02
   5.3400000e+02   7.1108101e-02
   5.3500000e+02   7.3966004e-02
   5.3600000e+02   8.9688858e-02
   5.3700000e+02   9.0169929e-02
   5.3800000e+02   8.8650742e-02
   5.3900000e+02   9.3522580e-02
   5.4000000e+02   8.6886849e-02
   5.4100000e+02   8.0339958e-02
   5.4200000e+02   7.7884676e-02
   5.4300000e+02   7.2496349e-02
   5.4400000e+02   6.6141304e-02
   5.4500000e+02   6.5189791e-02
   5.4600000e+02   5.3985305e-02
   5.4700000e+02   4.9692283e-02
   5.4800000e+02   6.0605058e-02
   5.4900000e+02   5.8897516e-02
   5.5000000e+02   4.8293022e-02
   5.5100000e+02   2.9033298e-02
   5.5200000e+02   1.8360763e-02
   5.5300000e+02   3.5291987e-02
   5.5400000e+02   6.5723814e-02
   5.5500000e+02   3.9151070e-02
   5.5600000e+02   5.0165414e-02
   5.5700000e+02   8.7903702e-02
   5.5800000e+02   1.0614182e-01
   5.5900000e+02   1.2653528e-01
   5.6000000e+02   1.4739913e-01
   5.6100000e+02   1.5259148e-01
   5.6200000e+02   1.7177286e-01
   5.6300000e+02   1.9644959e-01
   5.6400000e+02   2.2462699e-01
   5.6500000e+02   2.4987963e-01
   5.6600000e+02   2.6553995e-01
   5.6700000e+02   2.5401988e-01
   5.6800000e+02   2.4309930e-01
   5.6900000e+02   2.3208299e-01
   5.7000000e+02   2.2413604e-01
   5.7100000e+02   2.1954426e-01
   5.7200000e+02   2.1604936e-01
   5.7300000e+02   2.1008022e-01
   5.7400000e+02   2.2305115e-01
   5.7500000e+02   2.3362671e-01
   5.7600000e+02   2.3998007e-01
   5.7700000e+02   2.2085579e-01
   5.7800000e+02   2.1496349e-01
   5.7900000e+02   2.3607898e-01
   5.8000000e+02   2.6358781e-01
   5.8100000e+02   2.7621663e-01
   5.8200000e+02   2.7459890e-01
   5.8300000e+02   2.7139632e-01
   5.8400000e+02   2.6619623e-01
   5.8500000e+02   2.6120501e-01
   5.8600000e+02   2.2589982e-01
   5.8700000e+02   2.2174331e-01
   5.8800000e+02   2.4438945e-01
   5.8900000e+02   2.3712186e-01
   5.9000000e+02   2.1865527e-01
   5.9100000e+02   1.9743405e-01
   5.9200000e+02   1.9808980e-01
   5.9300000e+02   1.7303119e-01
   5.9400000e+02   1.4027095e-01
   5.9500000e+02   1.3045241e-01
   5.9600000e+02   1.1694122e-01
   5.9700000e+02   9.7125162e-02
   5.9800000e+02   1.1040484e-01
   5.9900000e+02   9.1348206e-02
   6.0000000e+02   6.6615346e-02
   6.0100000e+02   8.7920596e-02
   6.0200000e+02   1.1005241e-01
   6.0300000e+02   1.3357741e-01
   6.0400000e+02   1.3455453e-01
   6.0500000e+02   1.2826247e-01
   6.0600000e+02   1.5312149e-01
   6.0700000e+02   1.1858768e-01
   6.0800000e+02   7.2165953e-02
   6.0900000e+02   7.4937203e-02
   6.1000000e+02   3.4537684e-02
   6.1100000e+02   1.9263226e-02
   6.1200000e+02   2.7981862e-02
   6.1300000e+02   2.1892353e-02
   6.1400000e+02   1.3290002e-02
   6.1500000e+02   7.4337701e-03
   6.1600000e+02   1.9587946e-02
   6.1700000e+02   5.5611164e-02
   6.1800000e+02   5.8172653e-02
   6.1900000e+02   6.1174802e-02
   6.2000000e+02   6.1143204e-02
   6.2100000e+02   3.5228073e-02
   6.2200000e+02   1.4530085e-02
   6.2300000e+02   5.7383262e-02
   6.2400000e+02   7.2506714e-02
   6.2500000e+02   6.9896619e-02
   6.2600000e+02   6.6679825e-02
   6.2700000e+02   7.5627449e-02
   6.2800000e+02   8.3264690e-02
   6.2900000e+02   7.3262501e-02
   6.3000000e+02   6.7236872e-02
   6.3100000e+02   6.4996999e-02
   6.3200000e+02   7.3531222e-02
   6.3300000e+02   8.8431620e-02
   6.3400000e+02   9.9385915e-02
   6.3500000e+02   1.0359154e-01
   6.3600000e+02   1.0022060e-01
   6.3700000e+02   1.0288810e-01
   6.3800000e+02   1.2737493e-01
   6.3900000e+02   1.3476339e-01
   6.4000000e+02   1.4009037e-01
   6.4100000e+02   1.3791387e-01
   6.4200000e+02   1.3617282e-01
   6.4300000e+02   1.3641116e-01
   6.4400000e+02   1.1888186e-01
   6.4500000e+02   1.3434484e-01
   6.4600000e+02   1.5885014e-01
   6.4700000e+02   1.8437838e-01
   6.4800000e+02   1.9227602e-01
   6.4900000e+02   1.9583278e-01
   6.5000000e+02   1.9927641e-01
   6.5100000e+02   2.0959573e-01
   6.5200000e+02   2.2851498e-01
   6.5300000e+02   2.5118390e-01
   6.5400000e+02   2.7242613e-01
   6.5500000e+02   2.6467615e-01
   6.5600000e+02   2.5968492e-01
   6.5700000e+02   2.9897999e-01
   6.5800000e+02   3.4128443e-01
   6.5900000e+02   3.6848524e-01
   6.6000000e+02   3.6159082e-01
   6.6100000e+02   4.1493953e-01
   6.6200000e+02   4.6573524e-01
   6.6300000e+02   4.9314844e-01
   6.6400000e+02   5.2091574e-01
   6.6500000e+02   5.4060100e-01
   6.6600000e+02   5.4714156e-01
   6.6700000e+02   5.8263056e-01
   6.6800000e+02   6.1080432e-01
   6.6900000e+02   6.2698124e-01
   6.7000000e+02   6.3102195e-01
   6.7100000e+02   6.3863325e-01
   6.7200000e+02   6.4393038e-01
   6.7300000e+02   6.3708063e-01
   6.7400000e+02   6.2594416e-01
   6.7500000e+02   6.1161734e-01
   6.7600000e+02   6.0748341e-01
   6.7700000e+02   6.0315669e-01
   6.7800000e+02   6.0089304e-01
   6.7900000e+02   6.0529933e-01
   6.8000000e+02   6.1043063e-01
   6.8100000e+02   6.2423833e-01
   6.8200000e+02   6.4594363e-01
   6.8300000e+02   6.5257243e-01
   6.8400000e+02   6.5794475e-01
   6.8500000e+02   6.5496747e-01
   6.8600000e+02   6.6655559e-01
   6.8700000e+02   6.7681352e-01
   6.8800000e+02   6.7387535e-01
   6.8900000e+02   6.5567184e-01
   6.9000000e+02   6.5030265e-01
   6.9100000e+02   6.5568437e-01
   6.9200000e+02   6.4880637e-01
   6.9300000e+02   6.4022887e-01
   6.9400000e+02   6.2646882e-01
   6.9500000e+02   5.7441705e-01
   6.9600000e+02   5.3744327e-01
   6.9700000e+02   5.1281729e-01
   6.9800000e+02   4.8454821e-01
   6.9900000e+02   4.5085862e-01
   7.0000000e+02   4.1460062e-01
   7.0100000e+02   3.7875317e-01
   7.0200000e+02   3.5680484e-01
   7.0300000e+02   3.3826441e-01
   7.0400000e+02   3.2716589e-01
   7.0500000e+02   3.2184714e-01
   7.0600000e+02   3.0957728e-01
   7.0700000e+02   2.9662616e-01
   7.0800000e+02   2.8749525e-01
   7.0900000e+02   2.7450372e-01
   7.1000000e+02   2.5324680e-01
   7.1100000e+02   2.5248386e-01
   7.1200000e+02   2.4711244e-01
   7.1300000e+02   2.3334833e-01
   7.1400000e+02   1.8928201e-01
   7.1500000e+02   1.6685224e-01
   7.1600000e+02   1.6981187e-01
   7.1700000e+02   1.7620930e-01
   7.1800000e+02   1.7675458e-01
   7.1900000e+02   1.7625131e-01
   7.2000000e+02   1.8223468e-01
   7.2100000e+02   1.9261749e-01
   7.2200000e+02   2.0328266e-01
   7.2300000e+02   1.7037851e-01
   7.2400000e+02   1.7125045e-01
   7.2500000e+02   1.8148786e-01
   7.2600000e+02   1.8052652e-01
   7.2700000e+02   1.7771945e-01
   7.2800000e+02   1.6348637e-01
   7.2900000e+02   1.1380863e-01
   7.3000000e+02   1.3170139e-01
   7.3100000e+02   1.4510116e-01
   7.3200000e+02   1.3194614e-01
   7.3300000e+02   1.4202963e-01
   7.3400000e+02   1.5980735e-01
   7.3500000e+02   1.8696931e-01
   7.3600000e+02   1.6253615e-01
   7.3700000e+02   1.5739754e-01
   7.3800000e+02   1.7322355e-01
   7.3900000e+02   1.5267526e-01
   7.4000000e+02   1.6044680e-01
   7.4100000e+02   1.7923109e-01
   7.4200000e+02   1.2225481e-01
   7.4300000e+02   1.1703917e-01
   7.4400000e+02   1.3329750e-01
   7.4500000e+02   1.2683130e-01
   7.4600000e+02   1.1773037e-01
   7.4700000e+02   1.1017630e-01
   7.4800000e+02   1.1965423e-01
   7.4900000e+02   1.3313329e-01
   7.5000000e+02   1.4080693e-01
   7.5100000e+02   1.3788630e-01
   7.5200000e+02   1.2462292e-01
   7.5300000e+02   1.3020673e-01
   7.5400000e+02   1.6817057e-01
   7.5500000e+02   1.3628831e-01
   7.5600000e+02   1.1984839e-01
   7.5700000e+02   1.2750660e-01
   7.5800000e+02   1.1717519e-01
   7.5900000e+02   1.1908770e-01
   7.6000000e+02   1.3422084e-01
   7.6100000e+02   1.3624857e-01
   7.6200000e+02   1.2996164e-01
   7.6300000e+02   1.2032901e-01
   7.6400000e+02   1.2682722e-01
   7.6500000e+02   1.2366467e-01
   7.6600000e+02   1.1183305e-01
   7.6700000e+02   1.1333693e-01
   7.6800000e+02   9.7917014e-02
   7.6900000e+02   8.2763237e-02
   7.7000000e+02   8.1927054e-02
   7.7100000e+02   8.2572665e-02
   7.7200000e+02   8.8023805e-02
   7.7300000e+02   1.0130228e-01
   7.7400000e+02   9.6582451e-02
   7.7500000e+02   8.8564814e-02
   7.7600000e+02   8.1998295e-02
   7.7700000e+02   1.0139391e-01
   7.7800000e+02   9.9271604e-02
   7.7900000e+02   8.6200581e-02
   7.8000000e+02   8.4270748e-02
   7.8100000e+02   8.4748229e-02
   7.8200000e+02   8.9219783e-02
   7.8300000e+02   8.3243203e-02
   7.8400000e+02   7.2831926e-02
   7.8500000e+02   7.6048907e-02
   7.8600000e+02   1.2065722e-01
   7.8700000e+02   1.2027648e-01
   7.8800000e+02   1.0535466e-01
   7.8900000e+02   8.6123887e-02
   7.9000000e+02   9.5810005e-02
   7.9100000e+02   1.0889607e-01
   7.9200000e+02   1.1429198e-01
   7.9300000e+02   1.1188146e-01
   7.9400000e+02   1.0614983e-01
   7.9500000e+02   9.8100343e-02
   7.9600000e+02   9.4818771e-02
   7.9700000e+02   8.8074622e-02
   7.9800000e+02   8.3715512e-02
   7.9900000e+02   9.8054639e-02
   8.0000000e+02   1.2044007e-01
   8.0100000e+02   1.3990509e-01
   8.0200000e+02   1.3032276e-01
   8.0300000e+02   1.4437732e-01
   8.0400000e+02   1.5942139e-01
   8.0500000e+02   1.5326230e-01
   8.0600000e+02   1.5553870e-01
   8.0700000e+02   1.6360238e-01
   8.0800000e+02   1.7731571e-01
   8.0900000e+02   1.7585286e-01
   8.1000000e+02   1.8051451e-01
   8.1100000e+02   1.9919300e-01
   8.1200000e+02   1.9635671e-01
   8.1300000e+02   1.9635058e-01
   8.1400000e+02   2.0592534e-01
   8.1500000e+02   2.4444022e-01
   8.1600000e+02   2.7706096e-01
   8.1700000e+02   3.0325550e-01
   8.1800000e+02   3.2091941e-01
   8.1900000e+02   3.5354358e-01
   8.2000000e+02   3.9217045e-01
   8.2100000e+02   4.1059205e-01
   8.2200000e+02   4.1372013e-01
   8.2300000e+02   4.1404260e-01
   8.2400000e+02   4.1100716e-01
   8.2500000e+02   3.9637985e-01
   8.2600000e+02   3.8478758e-01
   8.2700000e+02   3.7870764e-01
   8.2800000e+02   3.5326404e-01
   8.2900000e+02   3.3976984e-01
   8.3000000e+02   3.4038698e-01
   8.3100000e+02   3.0603090e-01
   8.3200000e+02   2.8867868e-01
   8.3300000e+02   2.7961115e-01
   8.3400000e+02   2.6181471e-01
   8.3500000e+02   2.5732906e-01
   8.3600000e+02   2.5376005e-01
   8.3700000e+02   2.1283306e-01
   8.3800000e+02   2.0059727e-01
   8.3900000e+02   2.0091310e-01
   8.4000000e+02   1.8941828e-01
   8.4100000e+02   1.9477348e-01
   8.4200000e+02   1.9520060e-01
   8.4300000e+02   1.7228567e-01
   8.4400000e+02   1.7305913e-01
   8.4500000e+02   1.7460901e-01
   8.4600000e+02   1.6327016e-01
   8.4700000e+02   1.6134428e-01
   8.4800000e+02   1.7386614e-01
   8.4900000e+02   1.9169103e-01
   8.5000000e+02   1.9573960e-01
   8.5100000e+02   1.9500067e-01
   8.5200000e+02   1.9460998e-01
   8.5300000e+02   1.9564887e-01
   8.5400000e+02   2.0936171e-01
   8.5500000e+02   2.2647724e-01
   8.5600000e+02   2.3896092e-01
   8.5700000e+02   2.4357238e-01
   8.5800000e+02   2.5762088e-01
   8.5900000e+02   3.0219939e-01
   8.6000000e+02   3.1610371e-01
   8.6100000e+02   3.3475950e-01
   8.6200000e+02   3.6835842e-01
   8.6300000e+02   3.8650852e-01
   8.6400000e+02   4.1972088e-01
   8.6500000e+02   4.6265453e-01
   8.6600000e+02   4.8830285e-01
   8.6700000e+02   4.9988500e-01
   8.6800000e+02   4.9816040e-01
   8.6900000e+02   4.9410526e-01
   8.7000000e+02   5.0393956e-01
   8.7100000e+02   5.0902771e-01
   8.7200000e+02   4.7993385e-01
   8.7300000e+02   4.7045579e-01
   8.7400000e+02   4.6081075e-01
   8.7500000e+02   4.3952128e-01
   8.7600000e+02   4.2195148e-01
   8.7700000e+02   4.0224116e-01
   8.7800000e+02   3.7404084e-01
   8.7900000e+02   3.6247563e-01
   8.8000000e+02   3.4156887e-01
   8.8100000e+02   3.0697965e-01
   8.8200000e+02   2.9733245e-01
   8.8300000e+02   2.9677019e-01
   8.8400000e+02   2.9509315e-01
   8.8500000e+02   2.6638173e-01
   8.8600000e+02   2.3836544e-01
   8.8700000e+02   2.1976036e-01
   8.8800000e+02   2.3375061e-01
   8.8900000e+02   2.1993559e-01
   8.9000000e+02   2.0564456e-01
   8.9100000e+02   2.0375612e-01
   8.9200000e+02   1.8924982e-01
   8.9300000e+02   1.7941681e-01
   8.9400000e+02   1.7940907e-01
   8.9500000e+02   1.6877337e-01
   8.9600000e+02   1.7539296e-01
   8.9700000e+02   1.9318550e-01
   8.9800000e+02   1.8768528e-01
   8.9900000e+02   1.8253162e-01
   9.0000000e+02   1.7905113e-01
   9.0100000e+02   1.7312917e-01
   9.0200000e+02   1.7749545e-01
   9.0300000e+02   1.8309925e-01
   9.0400000e+02   1.7851563e-01
   9.0500000e+02   1.8908421e-01
   9.0600000e+02   1.9356351e-01
   9.0700000e+02   1.8064073e-01
   9.0800000e+02   1.8530326e-01
   9.0900000e+02   1.8916567e-01
   9.1000000e+02   1.9696104e-01
   9.1100000e+02   1.8247895e-01
   9.1200000e+02   1.5967829e-01
   9.1300000e+02   1.3661486e-01
   9.1400000e+02   1.5415979e-01
   9.1500000e+02   1.5616406e-01
   9.1600000e+02   1.4941881e-01
   9.1700000e+02   1.3100000e-01
   9.1800000e+02   1.1505626e-01
   9.1900000e+02   1.0328906e-01
   9.2000000e+02   9.3676319e-02
   9.2100000e+02   9.3708910e-02
   9.2200000e+02   9.7467830e-02
   9.2300000e+02   1.0053353e-01
   9.2400000e+02   6.9670920e-02
   9.2500000e+02   7.1039130e-02
   9.2600000e+02   9.6688468e-02
   9.2700000e+02   1.0517071e-01
   9.2800000e+02   9.7104105e-02
   9.2900000e+02   8.2565396e-02
   9.3000000e+02   7.7609940e-02
   9.3100000e+02   6.7912283e-02
   9.3200000e+02   6.1394694e-02
   9.3300000e+02   7.1857594e-02
   9.3400000e+02   6.2750963e-02
   9.3500000e+02   5.6299088e-02
   9.3600000e+02   6.5197596e-02
   9.3700000e+02   6.4658846e-02
   9.3800000e+02   6.0377151e-02
   9.3900000e+02   5.4080148e-02
   9.4000000e+02   7.0737237e-02
   9.4100000e+02   6.9210770e-02
   9.4200000e+02   5.6000327e-02
   9.4300000e+02   4.8200592e-02
   9.4400000e+02   4.2941686e-02
   9.4500000e+02   3.8501707e-02
   9.4600000e+02   4.7444805e-02
   9.4700000e+02   4.1869779e-02
   9.4800000e+02   3.9157338e-02
   9.4900000e+02   4.1983161e-02
   9.5000000e+02   4.2392679e-02
   9.5100000e+02   2.4434972e-02
   9.5200000e+02  -1.4928199e-02
   9.5300000e+02   1.5698462e-02
   9.5400000e+02   2.5184228e-02
   9.5500000e+02   2.0051677e-02
   9.5600000e+02   2.2856078e-02
   9.5700000e+02   1.3563763e-02
   9.5800000e+02   8.5983871e-04
   9.5900000e+02   6.9061371e-04
   9.6000000e+02  -1.9060771e-03
   9.6100000e+02  -2.7424811e-03
   9.6200000e+02  -3.6412108e-03
   9.6300000e+02   6.1153623e-04
   9.6400000e+02   1.9284153e-03
   9.6500000e+02  -2.9474694e-03
   9.6600000e+02  -5.0466161e-03
   9.6700000e+02  -1.5293184e-03
   9.6800000e+02   3.2259100e-03
   9.6900000e+02   1.9243861e-02
   9.7000000e+02   2.5244965e-02
   9.7100000e+02   2.7120484e-02
   9.7200000e+02   3.1597726e-02
   9.7300000e+02   3.4710495e-02
   9.7400000e+02   3.3261214e-02
   9.7500000e+02   2.4369998e-02
   9.7600000e+02   2.7740439e-02
   9.7700000e+02   3.8019523e-02
   9.7800000e+02   5.7918661e-02
   9.7900000e+02   5.0807304e-02
   9.8000000e+02   4.3399011e-02
   9.8100000e+02   3.5906490e-02
   9.8200000e+02   3.0488065e-02
   9.8300000e+02   3.9403184e-02
   9.8400000e+02   4.9288168e-02
   9.8500000e+02   5.0890417e-02
   9.8600000e+02   4.6156519e-02
   9.8700000e+02   4.3786334e-02
   9.8800000e+02   5.2179825e-02
   9.8900000e+02   6.3216497e-02
   9.9000000e+02   7.8741265e-02
   9.9100000e+02   9.6012151e-02
   9.9200000e+02   7.8555871e-02
   9.9300000e+02   7.1014363e-02
   9.9400000e+02   7.2261920e-02
   9.9500000e+02   8.6147429e-02
   9.9600000e+02   9.4148850e-02
   9.9700000e+02   9.9726717e-02
   9.9800000e+02   1.0666706e-01
   9.9900000e+02   1.1335630e-01
   1.0000000e+03   1.1975695e-01
   1.0010000e+03   1.2434121e-01
   1.0020000e+03   1.3754299e-01
   1.0030000e+03   1.4330780e-01
   1.0040000e+03   1.3641384e-01
   1.0050000e+03   1.5236954e-01
   1.0060000e+03   1.6702362e-01
   1.0070000e+03   1.8410312e-01
   1.0080000e+03   2.0764823e-01
   1.0090000e+03   2.2074940e-01
   1.0100000e+03   2.3748479e-01
   1.0110000e+03   2.7788739e-01
   1.0120000e+03   2.9725527e-01
   1.0130000e+03   3.2089994e-01
   1.0140000e+03   3.6811845e-01
   1.0150000e+03   3.8563309e-01
   1.0160000e+03   4.1650315e-01
   1.0170000e+03   4.6853881e-01
   1.0180000e+03   5.1359592e-01
   1.0190000e+03   5.5378675e-01
   1.0200000e+03   5.8651442e-01
   1.0210000e+03   6.0387831e-01
   1.0220000e+03   6.3808648e-01
   1.0230000e+03   6.6815112e-01
   1.0240000e+03   6.7110188e-01
   1.0250000e+03   6.7938135e-01
   1.0260000e+03   6.7948444e-01
   1.0270000e+03   6.6808124e-01
   1.0280000e+03   6.7654952e-01
   1.0290000e+03   6.6877661e-01
   1.0300000e+03   6.4567186e-01
   1.0310000e+03   6.3509004e-01
   1.0320000e+03   6.2513735e-01
   1.0330000e+03   6.1643692e-01
   1.0340000e+03   6.0897099e-01
   1.0350000e+03   5.9728629e-01
   1.0360000e+03   5.8838915e-01
   1.0370000e+03   5.9473656e-01
   1.0380000e+03   5.8693579e-01
   1.0390000e+03   5.8678602e-01
   1.0400000e+03   6.0007379e-01
   1.0410000e+03   5.9165714e-01
   1.0420000e+03   5.9172423e-01
   1.0430000e+03   5.9619147e-01
   1.0440000e+03   5.7858054e-01
   1.0450000e+03   5.5800694e-01
   1.0460000e+03   5.3967678e-01
   1.0470000e+03   5.3927535e-01
   1.0480000e+03   5.3407696e-01
   1.0490000e+03   5.1779124e-01
   1.0500000e+03   4.8329685e-01
   1.0510000e+03   4.5584110e-01
   1.0520000e+03   4.3616015e-01
   1.0530000e+03   4.2334623e-01
   1.0540000e+03   4.1752498e-01
   1.0550000e+03   4.2685988e-01
   1.0560000e+03   4.3749708e-01
   1.0570000e+03   4.0100388e-01
   1.0580000e+03   4.0177826e-01
   1.0590000e+03   4.1720747e-01
   1.0600000e+03   4.1734572e-01
   1.0610000e+03   4.2621501e-01
   1.0620000e+03   4.2464066e-01
   1.0630000e+03   3.9683975e-01
   1.0640000e+03   4.0855942e-01
   1.0650000e+03   4.2334176e-01
   1.0660000e+03   4.3405743e-01
   1.0670000e+03   4.2668373e-01
   1.0680000e+03   4.4722710e-01
   1.0690000e+03   4.8050073e-01
   1.0700000e+03   4.9206224e-01
   1.0710000e+03   5.0714079e-01
   1.0720000e+03   5.3228855e-01
   1.0730000e+03   5.7213703e-01
   1.0740000e+03   5.7870992e-01
   1.0750000e+03   5.9776772e-01
   1.0760000e+03   6.3720675e-01
   1.0770000e+03   6.4166042e-01
   1.0780000e+03   6.5276321e-01
   1.0790000e+03   6.7038652e-01
   1.0800000e+03   6.8361458e-01
   1.0810000e+03   7.1311207e-01
   1.0820000e+03   7.3590880e-01
   1.0830000e+03   7.1649297e-01
   1.0840000e+03   7.2544366e-01
   1.0850000e+03   7.3816968e-01
   1.0860000e+03   7.4252938e-01
   1.0870000e+03   7.4207670e-01
   1.0880000e+03   7.4175884e-01
   1.0890000e+03   7.4091226e-01
   1.0900000e+03   7.3713638e-01
   1.0910000e+03   7.2967104e-01
   1.0920000e+03   7.2047849e-01
   1.0930000e+03   7.0904493e-01
   1.0940000e+03   7.0143854e-01
   1.0950000e+03   6.9889721e-01
   1.0960000e+03   7.0408015e-01
   1.0970000e+03   6.9477210e-01
   1.0980000e+03   6.8556713e-01
   1.0990000e+03   6.7713889e-01
   1.1000000e+03   6.5659619e-01
   1.1010000e+03   6.4598474e-01
   1.1020000e+03   6.4014978e-01
   1.1030000e+03   6.3344483e-01
   1.1040000e+03   6.3950017e-01
   1.1050000e+03   6.4662685e-01
   1.1060000e+03   6.4052677e-01
   1.1070000e+03   6.3514999e-01
   1.1080000e+03   6.2726663e-01
   1.1090000e+03   6.1662616e-01
   1.1100000e+03   6.0329939e-01
   1.1110000e+03   5.9047230e-01
   1.1120000e+03   5.8415198e-01
   1.1130000e+03   5.8135385e-01
   1.1140000e+03   5.6371378e-01
   1.1150000e+03   5.4195655e-01
   1.1160000e+03   5.3113464e-01
   1.1170000e+03   5.1719925e-01
   1.1180000e+03   5.0860344e-01
   1.1190000e+03   5.1253355e-01
   1.1200000e+03   4.8120934e-01
   1.1210000e+03   4.6532699e-01
   1.1220000e+03   4.6547898e-01
   1.1230000e+03   4.5841993e-01
   1.1240000e+03   4.5644053e-01
   1.1250000e+03   4.5316340e-01
   1.1260000e+03   4.3471907e-01
   1.1270000e+03   4.2586144e-01
   1.1280000e+03   4.1965306e-01
   1.1290000e+03   4.1456603e-01
   1.1300000e+03   3.9006809e-01
   1.1310000e+03   3.7746373e-01
   1.1320000e+03   3.8003745e-01
   1.1330000e+03   3.6017247e-01
   1.1340000e+03   3.5235021e-01
   1.1350000e+03   3.5228587e-01
   1.1360000e+03   3.3564022e-01
   1.1370000e+03   3.1792642e-01
   1.1380000e+03   3.0206443e-01
   1.1390000e+03   2.9243270e-01
   1.1400000e+03   2.7367949e-01
   1.1410000e+03   2.5869257e-01
   1.1420000e+03   2.4771071e-01
   1.1430000e+03   2.3694893e-01
   1.1440000e+03   2.3156229e-01
   1.1450000e+03   2.2897257e-01
   1.1460000e+03   2.3150118e-01
   1.1470000e+03   2.1772842e-01
   1.1480000e+03   2.0415770e-01
   1.1490000e+03   2.0943188e-01
   1.1500000e+03   1.9806330e-01
   1.1510000e+03   1.8469953e-01
   1.1520000e+03   1.7747986e-01
   1.1530000e+03   1.7080702e-01
   1.1540000e+03   1.7340730e-01
   1.1550000e+03   1.7931677e-01
   1.1560000e+03   1.6449630e-01
   1.1570000e+03   1.6702122e-01
   1.1580000e+03   1.7396875e-01
   1.1590000e+03   1.7127765e-01
   1.1600000e+03   1.6199738e-01
   1.1610000e+03   1.6837244e-01
   1.1620000e+03   1.9735853e-01
   1.1630000e+03   1.9328360e-01
   1.1640000e+03   2.0176063e-01
   1.1650000e+03   2.1841474e-01
   1.1660000e+03   2.2238100e-01
   1.1670000e+03   2.5215770e-01
   1.1680000e+03   2.8187891e-01
   1.1690000e+03   2.8109196e-01
   1.1700000e+03   2.9275222e-01
   1.1710000e+03   3.1444360e-01
   1.1720000e+03   3.4322144e-01
   1.1730000e+03   3.7412033e-01
   1.1740000e+03   4.0384160e-01
   1.1750000e+03   4.3232499e-01
   1.1760000e+03   4.5033344e-01
   1.1770000e+03   4.5410339e-01
   1.1780000e+03   4.5579949e-01
   1.1790000e+03   4.6380202e-01
   1.1800000e+03   4.4756818e-01
   1.1810000e+03   4.3566819e-01
   1.1820000e+03   4.3531883e-01
   1.1830000e+03   4.2125859e-01
   1.1840000e+03   4.0757153e-01
   1.1850000e+03   3.9644757e-01
   1.1860000e+03   3.7171748e-01
   1.1870000e+03   3.5242546e-01
   1.1880000e+03   3.3494907e-01
   1.1890000e+03   3.1771994e-01
   1.1900000e+03   3.0282682e-01
   1.1910000e+03   3.0041969e-01
   1.1920000e+03   3.1814811e-01
   1.1930000e+03   3.0302178e-01
   1.1940000e+03   2.9915443e-01
   1.1950000e+03   3.0480354e-01
   1.1960000e+03   2.9526760e-01
   1.1970000e+03   3.1307342e-01
   1.1980000e+03   3.3360456e-01
   1.1990000e+03   3.3222434e-01
   1.2000000e+03   3.3364642e-01
   1.2010000e+03   3.3380727e-01
   1.2020000e+03   3.3424379e-01
   1.2030000e+03   3.3411956e-01
   1.2040000e+03   3.4420413e-01
   1.2050000e+03   3.5478571e-01
   1.2060000e+03   3.0827597e-01
   1.2070000e+03   2.9786234e-01
   1.2080000e+03   3.0185412e-01
   1.2090000e+03   2.9623351e-01
   1.2100000e+03   2.9357976e-01
   1.2110000e+03   2.8114568e-01
   1.2120000e+03   2.5670801e-01
   1.2130000e+03   2.5524124e-01
   1.2140000e+03   2.5718778e-01
   1.2150000e+03   2.5659491e-01
   1.2160000e+03   2.4933182e-01
   1.2170000e+03   2.3716259e-01
   1.2180000e+03   2.3073449e-01
   1.2190000e+03   2.3790770e-01
   1.2200000e+03   2.2841164e-01
   1.2210000e+03   2.1751281e-01
   1.2220000e+03   2.1226569e-01
   1.2230000e+03   2.1520043e-01
   1.2240000e+03   2.1456227e-01
   1.2250000e+03   2.1051718e-01
   1.2260000e+03   2.0717637e-01
   1.2270000e+03   2.1635745e-01
   1.2280000e+03   2.2686476e-01
   1.2290000e+03   2.3846837e-01
   1.2300000e+03   2.3523916e-01
   1.2310000e+03   2.3975969e-01
   1.2320000e+03   2.5272545e-01
   1.2330000e+03   2.4800679e-01
   1.2340000e+03   2.5850249e-01
   1.2350000e+03   2.7244640e-01
   1.2360000e+03   2.6662906e-01
   1.2370000e+03   2.6939468e-01
   1.2380000e+03   2.7785844e-01
   1.2390000e+03   2.9072118e-01
   1.2400000e+03   2.8667021e-01
   1.2410000e+03   2.8135285e-01
   1.2420000e+03   2.7911865e-01
   1.2430000e+03   2.6258969e-01
   1.2440000e+03   2.5520706e-01
   1.2450000e+03   2.5382623e-01
   1.2460000e+03   2.6001186e-01
   1.2470000e+03   2.4442024e-01
   1.2480000e+03   2.3596654e-01
   1.2490000e+03   2.4323898e-01
   1.2500000e+03   2.3917947e-01
   1.2510000e+03   2.3289567e-01
   1.2520000e+03   2.2697435e-01
   1.2530000e+03   2.2646166e-01
   1.2540000e+03   2.4196243e-01
   1.2550000e+03   2.5209984e-01
   1.2560000e+03   2.2970628e-01
   1.2570000e+03   2.1872867e-01
   1.2580000e+03   2.1002184e-01
   1.2590000e+03   2.0357298e-01
   1.2600000e+03   2.2155555e-01
   1.2610000e+03   2.3204861e-01
   1.2620000e+03   2.3253661e-01
   1.2630000e+03   2.1975234e-01
   1.2640000e+03   2.1667204e-01
   1.2650000e+03   2.2135834e-01
   1.2660000e+03   2.3787710e-01
   1.2670000e+03   2.4385313e-01
   1.2680000e+03   2.4224898e-01
   1.2690000e+03   2.4603198e-01
   1.2700000e+03   2.7865195e-01
   1.2710000e+03   2.9270594e-01
   1.2720000e+03   2.9856943e-01
   1.2730000e+03   2.9471509e-01
   1.2740000e+03   2.8709536e-01
   1.2750000e+03   2.9620901e-01
   1.2760000e+03   3.2648477e-01
   1.2770000e+03   3.3935465e-01
   1.2780000e+03   3.4796301e-01
   1.2790000e+03   3.5658853e-01
   1.2800000e+03   3.8357671e-01
   1.2810000e+03   3.8828850e-01
   1.2820000e+03   3.9207921e-01
   1.2830000e+03   4.1194653e-01
   1.2840000e+03   4.2230469e-01
   1.2850000e+03   4.2422920e-01
   1.2860000e+03   4.1378606e-01
   1.2870000e+03   4.4555282e-01
   1.2880000e+03   4.5821247e-01
   1.2890000e+03   4.6003197e-01
   1.2900000e+03   4.7136337e-01
   1.2910000e+03   5.0308612e-01
   1.2920000e+03   5.3664947e-01
   1.2930000e+03   5.6127967e-01
   1.2940000e+03   5.9399507e-01
   1.2950000e+03   6.4295541e-01
   1.2960000e+03   7.0767768e-01
   1.2970000e+03   7.3269684e-01
   1.2980000e+03   7.9379263e-01
   1.2990000e+03   8.7224064e-01
   1.3000000e+03   9.4001489e-01
   1.3010000e+03   1.0429329e+00
   1.3020000e+03   1.1532609e+00
   1.3030000e+03   1.2618906e+00
   1.3040000e+03   1.4223689e+00
   1.3050000e+03   1.5900981e+00
   1.3060000e+03   1.7605882e+00
   1.3070000e+03   1.9414002e+00
   1.3080000e+03   2.1663781e+00
   1.3090000e+03   2.4204655e+00
   1.3100000e+03   2.7084319e+00
   1.3110000e+03   3.0017297e+00
   1.3120000e+03   3.3152420e+00
   1.3130000e+03   3.6537874e+00
   1.3140000e+03   3.9737137e+00
   1.3150000e+03   4.3146285e+00
   1.3160000e+03   4.6600154e+00
   1.3170000e+03   4.9707037e+00
   1.3180000e+03   5.2336511e+00
   1.3190000e+03   5.4717163e+00
   1.3200000e+03   5.6883155e+00
   1.3210000e+03   5.7892314e+00
   1.3220000e+03   5.8577819e+00
   1.3230000e+03   5.8826351e+00
   1.3240000e+03   5.7786391e+00
   1.3250000e+03   5.6794967e+00
   1.3260000e+03   5.5618584e+00
   1.3270000e+03   5.3884215e+00
   1.3280000e+03   5.2498067e+00
   1.3290000e+03   5.1068027e+00
   1.3300000e+03   4.9536884e+00
   1.3310000e+03   4.8048750e+00
   1.3320000e+03   4.6731027e+00
   1.3330000e+03   4.5443691e+00
   1.3340000e+03   4.3788265e+00
   1.3350000e+03   4.2234098e+00
   1.3360000e+03   4.0581224e+00
   1.3370000e+03   3.8743708e+00
   1.3380000e+03   3.7064450e+00
   1.3390000e+03   3.5354298e+00
   1.3400000e+03   3.3574154e+00
   1.3410000e+03   3.1836804e+00
   1.3420000e+03   3.0328581e+00
   1.3430000e+03   2.9007641e+00
   1.3440000e+03   2.7994415e+00
   1.3450000e+03   2.6884301e+00
   1.3460000e+03   2.5885807e+00
   1.3470000e+03   2.5083708e+00
   1.3480000e+03   2.4503643e+00
   1.3490000e+03   2.4154355e+00
   1.3500000e+03   2.3949686e+00
   1.3510000e+03   2.3725493e+00
   1.3520000e+03   2.3960497e+00
   1.3530000e+03   2.4373342e+00
   1.3540000e+03   2.4973927e+00
   1.3550000e+03   2.6189086e+00
   1.3560000e+03   2.7333234e+00
   1.3570000e+03   2.8574957e+00
   1.3580000e+03   3.0514624e+00
   1.3590000e+03   3.1908916e+00
   1.3600000e+03   3.3297004e+00
   1.3610000e+03   3.5144305e+00
   1.3620000e+03   3.6739425e+00
   1.3630000e+03   3.7996144e+00
   1.3640000e+03   3.8940720e+00
   1.3650000e+03   4.0334865e+00
   1.3660000e+03   4.0830324e+00
   1.3670000e+03   4.0716001e+00
   1.3680000e+03   4.0210634e+00
   1.3690000e+03   3.9487074e+00
   1.3700000e+03   3.8560065e+00
   1.3710000e+03   3.7373001e+00
   1.3720000e+03   3.5885856e+00
   1.3730000e+03   3.4256349e+00
   1.3740000e+03   3.2463986e+00
   1.3750000e+03   3.0301122e+00
   1.3760000e+03   2.8304512e+00
   1.3770000e+03   2.6333712e+00
   1.3780000e+03   2.4365111e+00
   1.3790000e+03   2.2271176e+00
   1.3800000e+03   2.0613457e+00
   1.3810000e+03   1.9283539e+00
   1.3820000e+03   1.7884922e+00
   1.3830000e+03   1.6605607e+00
   1.3840000e+03   1.5508305e+00
   1.3850000e+03   1.4803502e+00
   1.3860000e+03   1.4062643e+00
   1.3870000e+03   1.3479394e+00
   1.3880000e+03   1.3050701e+00
   1.3890000e+03   1.2630173e+00
   1.3900000e+03   1.2152021e+00
   1.3910000e+03   1.1663606e+00
   1.3920000e+03   1.1193156e+00
   1.3930000e+03   1.0913583e+00
   1.3940000e+03   1.0758132e+00
   1.3950000e+03   1.0706629e+00
   1.3960000e+03   1.0543727e+00
   1.3970000e+03   1.0435762e+00
   1.3980000e+03   1.0392060e+00
   1.3990000e+03   1.0441111e+00
   1.4000000e+03   1.0408804e+00
   1.4010000e+03   1.0413654e+00
   1.4020000e+03   1.0462100e+00
   1.4030000e+03   1.0743661e+00
   1.4040000e+03   1.0868642e+00
   1.4050000e+03   1.0862003e+00
   1.4060000e+03   1.1012402e+00
   1.4070000e+03   1.1181544e+00
   1.4080000e+03   1.1395939e+00
   1.4090000e+03   1.1761775e+00
   1.4100000e+03   1.2051243e+00
   1.4110000e+03   1.2195842e+00
   1.4120000e+03   1.2193884e+00
   1.4130000e+03   1.2293315e+00
   1.4140000e+03   1.2334213e+00
   1.4150000e+03   1.2240986e+00
   1.4160000e+03   1.1726044e+00
   1.4170000e+03   1.1421588e+00
   1.4180000e+03   1.1010346e+00
   1.4190000e+03   1.0390996e+00
   1.4200000e+03   9.8761118e-01
   1.4210000e+03   9.2524673e-01
   1.4220000e+03   8.6861299e-01
   1.4230000e+03   8.5046684e-01
   1.4240000e+03   8.1268319e-01
   1.4250000e+03   7.7543882e-01
   1.4260000e+03   7.4542152e-01
   1.4270000e+03   7.3344017e-01
   1.4280000e+03   7.0849106e-01
   1.4290000e+03   6.8049745e-01
   1.4300000e+03   6.7888596e-01
   1.4310000e+03   6.6540672e-01
   1.4320000e+03   6.5187650e-01
   1.4330000e+03   6.4406411e-01
   1.4340000e+03   6.4362035e-01
   1.4350000e+03   6.4372163e-01
   1.4360000e+03   6.3886545e-01
   1.4370000e+03   6.0589576e-01
   1.4380000e+03   6.1510511e-01
   1.4390000e+03   6.3451220e-01
   1.4400000e+03   6.4533723e-01
   1.4410000e+03   6.4533384e-01
   1.4420000e+03   6.3887828e-01
   1.4430000e+03   6.2978811e-01
   1.4440000e+03   6.3899903e-01
   1.4450000e+03   6.6474867e-01
   1.4460000e+03   6.9664417e-01
   1.4470000e+03   7.2938687e-01
   1.4480000e+03   7.4016167e-01
   1.4490000e+03   7.5656581e-01
   1.4500000e+03   7.8381843e-01
   1.4510000e+03   8.1842440e-01
   1.4520000e+03   8.4792458e-01
   1.4530000e+03   8.8399647e-01
   1.4540000e+03   9.5077653e-01
   1.4550000e+03   9.9156472e-01
   1.4560000e+03   1.0404685e+00
   1.4570000e+03   1.1065930e+00
   1.4580000e+03   1.2089312e+00
   1.4590000e+03   1.2888389e+00
   1.4600000e+03   1.3635973e+00
   1.4610000e+03   1.4784443e+00
   1.4620000e+03   1.6025871e+00
   1.4630000e+03   1.7250934e+00
   1.4640000e+03   1.8432361e+00
   1.4650000e+03   2.0471529e+00
   1.4660000e+03   2.2345569e+00
   1.4670000e+03   2.4249985e+00
   1.4680000e+03   2.6731031e+00
   1.4690000e+03   2.9567427e+00
   1.4700000e+03   3.2653830e+00
   1.4710000e+03   3.5927492e+00
   1.4720000e+03   4.0168848e+00
   1.4730000e+03   4.5054429e+00
   1.4740000e+03   5.0658717e+00
   1.4750000e+03   5.7483778e+00
   1.4760000e+03   6.5681556e+00
   1.4770000e+03   7.4677096e+00
   1.4780000e+03   8.4343143e+00
   1.4790000e+03   9.6530461e+00
   1.4800000e+03   1.0936503e+01
   1.4810000e+03   1.2271686e+01
   1.4820000e+03   1.3647895e+01
   1.4830000e+03   1.4963425e+01
   1.4840000e+03   1.6200135e+01
   1.4850000e+03   1.7321645e+01
   1.4860000e+03   1.8140646e+01
   1.4870000e+03   1.8645237e+01
   1.4880000e+03   1.8808535e+01
   1.4890000e+03   1.8451669e+01
   1.4900000e+03   1.7758649e+01
   1.4910000e+03   1.6808635e+01
   1.4920000e+03   1.5592899e+01
   1.4930000e+03   1.4162764e+01
   1.4940000e+03   1.2683428e+01
   1.4950000e+03   1.1186483e+01
   1.4960000e+03   9.8078954e+00
   1.4970000e+03   8.5338354e+00
   1.4980000e+03   7.3594647e+00
   1.4990000e+03   6.3238178e+00
   1.5000000e+03   5.5158881e+00
   1.5010000e+03   4.8065921e+00
   1.5020000e+03   4.1857566e+00
   1.5030000e+03   3.7174465e+00
   1.5040000e+03   3.2992663e+00
   1.5050000e+03   2.9294504e+00
   1.5060000e+03   2.6219107e+00
   1.5070000e+03   2.3877961e+00
   1.5080000e+03   2.1805894e+00
   1.5090000e+03   1.9909634e+00
   1.5100000e+03   1.8370223e+00
   1.5110000e+03   1.7158819e+00
   1.5120000e+03   1.6135291e+00
   1.5130000e+03   1.5186886e+00
   1.5140000e+03   1.4185600e+00
   1.5150000e+03   1.3401364e+00
   1.5160000e+03   1.2892689e+00
   1.5170000e+03   1.2474734e+00
   1.5180000e+03   1.2098658e+00
   1.5190000e+03   1.1785320e+00
   1.5200000e+03   1.1510173e+00
   1.5210000e+03   1.1439042e+00
   1.5220000e+03   1.1422443e+00
   1.5230000e+03   1.1390762e+00
   1.5240000e+03   1.1673903e+00
   1.5250000e+03   1.2004365e+00
   1.5260000e+03   1.2366819e+00
   1.5270000e+03   1.2767842e+00
   1.5280000e+03   1.3445101e+00
   1.5290000e+03   1.4168958e+00
   1.5300000e+03   1.4952668e+00
   1.5310000e+03   1.5977983e+00
   1.5320000e+03   1.7254573e+00
   1.5330000e+03   1.8682311e+00
   1.5340000e+03   2.0115657e+00
   1.5350000e+03   2.0835999e+00
   1.5360000e+03   2.1524189e+00
   1.5370000e+03   2.2290974e+00
   1.5380000e+03   2.2374334e+00
   1.5390000e+03   2.2164843e+00
   1.5400000e+03   2.1671808e+00
   1.5410000e+03   2.0783197e+00
   1.5420000e+03   1.9938436e+00
   1.5430000e+03   1.9083601e+00
   1.5440000e+03   1.8186658e+00
   1.5450000e+03   1.7162359e+00
   1.5460000e+03   1.6428023e+00
   1.5470000e+03   1.5920709e+00
   1.5480000e+03   1.5674209e+00
   1.5490000e+03   1.5103335e+00
   1.5500000e+03   1.4653818e+00
   1.5510000e+03   1.4425259e+00
   1.5520000e+03   1.4848926e+00
   1.5530000e+03   1.5027087e+00
   1.5540000e+03   1.5211030e+00
   1.5550000e+03   1.5799185e+00
   1.5560000e+03   1.6339999e+00
   1.5570000e+03   1.7089787e+00
   1.5580000e+03   1.8088270e+00
   1.5590000e+03   1.9384968e+00
   1.5600000e+03   2.1110782e+00
   1.5610000e+03   2.3117261e+00
   1.5620000e+03   2.5271039e+00
   1.5630000e+03   2.7829374e+00
   1.5640000e+03   3.0814552e+00
   1.5650000e+03   3.4226113e+00
   1.5660000e+03   3.8807425e+00
   1.5670000e+03   4.3609479e+00
   1.5680000e+03   4.8639933e+00
   1.5690000e+03   5.4026174e+00
   1.5700000e+03   5.9275835e+00
   1.5710000e+03   6.4576461e+00
   1.5720000e+03   6.9874448e+00
   1.5730000e+03   7.4436625e+00
   1.5740000e+03   7.8248764e+00
   1.5750000e+03   8.1273504e+00
   1.5760000e+03   8.3236619e+00
   1.5770000e+03   8.3370285e+00
   1.5780000e+03   8.2598671e+00
   1.5790000e+03   8.0929262e+00
   1.5800000e+03   7.7610652e+00
   1.5810000e+03   7.4180718e+00
   1.5820000e+03   7.0476406e+00
   1.5830000e+03   6.6304234e+00
   1.5840000e+03   6.2415980e+00
   1.5850000e+03   5.8993474e+00
   1.5860000e+03   5.5938759e+00
   1.5870000e+03   5.2998187e+00
   1.5880000e+03   5.1085046e+00
   1.5890000e+03   4.9898597e+00
   1.5900000e+03   4.9379769e+00
   1.5910000e+03   4.9759409e+00
   1.5920000e+03   5.0531215e+00
   1.5930000e+03   5.1654448e+00
   1.5940000e+03   5.3374470e+00
   1.5950000e+03   5.5121091e+00
   1.5960000e+03   5.6971171e+00
   1.5970000e+03   5.9001052e+00
   1.5980000e+03   6.1013758e+00
   1.5990000e+03   6.2613654e+00
   1.6000000e+03   6.3849089e+00
   1.6010000e+03   6.4816150e+00
   1.6020000e+03   6.4709956e+00
   1.6030000e+03   6.4232545e+00
   1.6040000e+03   6.3647247e+00
   1.6050000e+03   6.2142291e+00
   1.6060000e+03   6.0276050e+00
   1.6070000e+03   5.8005467e+00
   1.6080000e+03   5.5265225e+00
   1.6090000e+03   5.2061761e+00
   1.6100000e+03   4.8792835e+00
   1.6110000e+03   4.5622846e+00
   1.6120000e+03   4.2940477e+00
   1.6130000e+03   4.0109427e+00
   1.6140000e+03   3.7354675e+00
   1.6150000e+03   3.5149101e+00
   1.6160000e+03   3.2835005e+00
   1.6170000e+03   3.0570437e+00
   1.6180000e+03   2.8417512e+00
   1.6190000e+03   2.6518518e+00
   1.6200000e+03   2.4910536e+00
   1.6210000e+03   2.3580384e+00
   1.6220000e+03   2.2480113e+00
   1.6230000e+03   2.1380435e+00
   1.6240000e+03   2.0463885e+00
   1.6250000e+03   1.9772538e+00
   1.6260000e+03   1.9193294e+00
   1.6270000e+03   1.8575808e+00
   1.6280000e+03   1.7991487e+00
   1.6290000e+03   1.7524913e+00
   1.6300000e+03   1.7070576e+00
   1.6310000e+03   1.6734828e+00
   1.6320000e+03   1.6508382e+00
   1.6330000e+03   1.6321968e+00
   1.6340000e+03   1.6160565e+00
   1.6350000e+03   1.5918069e+00
   1.6360000e+03   1.5480206e+00
   1.6370000e+03   1.5289010e+00
   1.6380000e+03   1.5193517e+00
   1.6390000e+03   1.5197154e+00
   1.6400000e+03   1.5335092e+00
   1.6410000e+03   1.5179882e+00
   1.6420000e+03   1.4957749e+00
   1.6430000e+03   1.4808569e+00
   1.6440000e+03   1.4676247e+00
   1.6450000e+03   1.4715313e+00
   1.6460000e+03   1.4836096e+00
   1.6470000e+03   1.4888328e+00
   1.6480000e+03   1.4716782e+00
   1.6490000e+03   1.4479160e+00
   1.6500000e+03   1.4175564e+00
   1.6510000e+03   1.4082373e+00
   1.6520000e+03   1.3923961e+00
   1.6530000e+03   1.3775410e+00
   1.6540000e+03   1.3797598e+00
   1.6550000e+03   1.3395148e+00
   1.6560000e+03   1.3105721e+00
   1.6570000e+03   1.3024006e+00
   1.6580000e+03   1.3082734e+00
   1.6590000e+03   1.2901459e+00
   1.6600000e+03   1.2829339e+00
   1.6610000e+03   1.3201227e+00
   1.6620000e+03   1.3154448e+00
   1.6630000e+03   1.3066703e+00
   1.6640000e+03   1.2921252e+00
   1.6650000e+03   1.2698548e+00
   1.6660000e+03   1.2696420e+00
   1.6670000e+03   1.2827734e+00
   1.6680000e+03   1.3031697e+00
   1.6690000e+03   1.3093161e+00
   1.6700000e+03   1.3090924e+00
   1.6710000e+03   1.3051742e+00
   1.6720000e+03   1.2956346e+00
   1.6730000e+03   1.2886248e+00
   1.6740000e+03   1.2890913e+00
   1.6750000e+03   1.2970824e+00
   1.6760000e+03   1.2912248e+00
   1.6770000e+03   1.2922362e+00
   1.6780000e+03   1.2860467e+00
   1.6790000e+03   1.2446318e+00
   1.6800000e+03   1.2488344e+00
   1.6810000e+03   1.2505608e+00
   1.6820000e+03   1.2426304e+00
   1.6830000e+03   1.2395608e+00
   1.6840000e+03   1.2158046e+00
   1.6850000e+03   1.1824973e+00
   1.6860000e+03   1.1494896e+00
   1.6870000e+03   1.1392914e+00
   1.6880000e+03   1.1180461e+00
   1.6890000e+03   1.0788900e+00
   1.6900000e+03   1.0410555e+00
   1.6910000e+03   1.0143857e+00
   1.6920000e+03   9.8647536e-01
   1.6930000e+03   9.5011106e-01
   1.6940000e+03   8.8346553e-01
   1.6950000e+03   8.4407072e-01
   1.6960000e+03   8.2059658e-01
   1.6970000e+03   7.7919893e-01
   1.6980000e+03   7.4796086e-01
   1.6990000e+03   7.2131863e-01
   1.7000000e+03   6.9342135e-01
   1.7010000e+03   6.4650384e-01
   1.7020000e+03   6.1614683e-01
   1.7030000e+03   5.8794462e-01
   1.7040000e+03   5.4721708e-01
   1.7050000e+03   5.1111778e-01
   1.7060000e+03   4.9274112e-01
   1.7070000e+03   4.8694195e-01
   1.7080000e+03   4.5270704e-01
   1.7090000e+03   4.4130889e-01
   1.7100000e+03   4.2860502e-01
   1.7110000e+03   4.0263772e-01
   1.7120000e+03   3.8375329e-01
   1.7130000e+03   3.6831449e-01
   1.7140000e+03   3.5608968e-01
   1.7150000e+03   3.3047044e-01
   1.7160000e+03   3.2514243e-01
   1.7170000e+03   3.2177064e-01
   1.7180000e+03   3.1256790e-01
   1.7190000e+03   2.8819512e-01
   1.7200000e+03   2.7040910e-01
   1.7210000e+03   2.6145011e-01
   1.7220000e+03   2.6375386e-01
   1.7230000e+03   2.6979282e-01
   1.7240000e+03   2.5710031e-01
   1.7250000e+03   2.3130290e-01
   1.7260000e+03   2.4563970e-01
   1.7270000e+03   2.3559693e-01
   1.7280000e+03   2.1748547e-01
   1.7290000e+03   2.0561134e-01
   1.7300000e+03   2.0208318e-01
   1.7310000e+03   1.9749839e-01
   1.7320000e+03   1.9359079e-01
   1.7330000e+03   1.8791370e-01
   1.7340000e+03   1.8380711e-01
   1.7350000e+03   1.7457639e-01
   1.7360000e+03   1.6431166e-01
   1.7370000e+03   1.5283601e-01
   1.7380000e+03   1.5890372e-01
   1.7390000e+03   1.6649918e-01
   1.7400000e+03   1.4960899e-01
   1.7410000e+03   1.5312712e-01
   1.7420000e+03   1.4794837e-01
   1.7430000e+03   1.3252634e-01
   1.7440000e+03   1.2909452e-01
   1.7450000e+03   1.3566151e-01
   1.7460000e+03   1.3717149e-01
   1.7470000e+03   1.2298171e-01
   1.7480000e+03   1.2302060e-01
   1.7490000e+03   1.1337841e-01
   1.7500000e+03   1.0079452e-01
   1.7510000e+03   1.0486303e-01
   1.7520000e+03   9.9829917e-02
   1.7530000e+03   9.4136680e-02
   1.7540000e+03   9.1259740e-02
   1.7550000e+03   7.6854429e-02
   1.7560000e+03   6.9356625e-02
   1.7570000e+03   6.9842767e-02
   1.7580000e+03   8.3290278e-02
   1.7590000e+03   6.6643853e-02
   1.7600000e+03   5.4497966e-02
   1.7610000e+03   5.2325517e-02
   1.7620000e+03   4.4842528e-02
   1.7630000e+03   4.7089839e-02
   1.7640000e+03   4.4954113e-02
   1.7650000e+03   2.6571236e-02
   1.7660000e+03   4.1100487e-02
   1.7670000e+03   4.5741862e-02
   1.7680000e+03   4.1060648e-02
   1.7690000e+03   3.6703773e-02
   1.7700000e+03   3.9401444e-02
   1.7710000e+03   3.2506206e-02
   1.7720000e+03   1.6130465e-02
   1.7730000e+03   2.0728009e-02
   1.7740000e+03   2.3701058e-02
   1.7750000e+03   2.4253218e-02
   1.7760000e+03   1.8945867e-02
   1.7770000e+03   1.8010675e-02
   1.7780000e+03   1.8584620e-02
   1.7790000e+03   1.8107591e-02
   1.7800000e+03   1.5610156e-02
   1.7810000e+03  -8.6865309e-04
   1.7820000e+03  -9.2991693e-03
   1.7830000e+03   3.4550954e-04
   1.7840000e+03  -4.7064296e-04
   1.7850000e+03   7.1215664e-03
   1.7860000e+03   1.1109897e-02
   1.7870000e+03  -4.9425400e-03
   1.7880000e+03  -1.3525900e-03
   1.7890000e+03   4.6196496e-04
   1.7900000e+03  -7.4459437e-04
   1.7910000e+03  -3.0347484e-03
   1.7920000e+03   4.0674095e-03
   1.7930000e+03   1.1871138e-02
   1.7940000e+03   1.5020566e-02
   1.7950000e+03   6.4085502e-03
   1.7960000e+03   4.6737559e-03
   1.7970000e+03   9.8787261e-03
   1.7980000e+03   9.3905127e-03
   1.7990000e+03  -2.4693642e-03
