   5.0100000e+02   8.1312315e-02
   5.0200000e+02   9.0845713e-02
   5.0300000e+02   9.2084286e-02
   5.0400000e+02   9.3643912e-02
   5.0500000e+02   8.4833079e-02
   5.0600000e+02   7.8737135e-02
   5.0700000e+02   7.0999020e-02
   5.0800000e+02   5.5432540e-02
   5.0900000e+02   5.8727796e-02
   5.1000000e+02   6.4001581e-02
   5.1100000e+02   6.0935572e-02
   5.1200000e+02   5.4891723e-02
   5.1300000e+02   5.2718558e-02
   5.1400000e+02   5.2427800e-02
   5.1500000e+02   5.2146430e-02
   5.1600000e+02   5.5797910e-02
   5.1700000e+02   6.4959869e-02
   5.1800000e+02   5.4176738e-02
   5.1900000e+02   4.7888715e-02
   5.2000000e+02   4.8029585e-02
   5.2100000e+02   4.9599799e-02
   5.2200000e+02   5.5625841e-02
   5.2300000e+02   6.0594675e-02
   5.2400000e+02   5.3804058e-02
   5.2500000e+02   5.0197214e-02
   5.2600000e+02   4.7581265e-02
   5.2700000e+02   4.0892128e-02
   5.2800000e+02   4.4072008e-02
   5.2900000e+02   4.6003161e-02
   5.3000000e+02   4.9991592e-02
   5.3100000e+02   3.9539394e-02
   5.3200000e+02   2.7813082e-02
   5.3300000e+02   2.7380588e-02
   5.3400000e+02   3.4489158e-02
   5.3500000e+02   3.3194966e-02
   5.3600000e+02   2.7588125e-02
   5.3700000e+02   1.7697939e-02
   5.3800000e+02   7.6452971e-03
   5.3900000e+02   1.1949537e-02
   5.4000000e+02   1.0807915e-02
   5.4100000e+02   8.4412986e-03
   5.4200000e+02   1.4794187e-02
   5.4300000e+02   1.4977386e-02
   5.4400000e+02   1.5863547e-02
   5.4500000e+02   1.1696501e-02
   5.4600000e+02   1.0360369e-02
   5.4700000e+02   1.2610560e-02
   5.4800000e+02   1.6240167e-02
   5.4900000e+02   1.9243364e-02
   5.5000000e+02   2.9759297e-02
   5.5100000e+02   3.7859620e-02
   5.5200000e+02   2.9733055e-02
   5.5300000e+02   2.7549710e-02
   5.5400000e+02   2.8970869e-02
   5.5500000e+02   3.5883648e-02
   5.5600000e+02   4.0400324e-02
   5.5700000e+02   4.8247619e-02
   5.5800000e+02   5.9516055e-02
   5.5900000e+02   7.1348670e-02
   5.6000000e+02   8.6353261e-02
   5.6100000e+02   8.8453465e-02
   5.6200000e+02   9.2984509e-02
   5.6300000e+02   9.9059194e-02
   5.6400000e+02   1.0014786e-01
   5.6500000e+02   1.0540445e-01
   5.6600000e+02   1.1411267e-01
   5.6700000e+02   1.1623035e-01
   5.6800000e+02   1.2568794e-01
   5.6900000e+02   1.3663373e-01
   5.7000000e+02   1.3443686e-01
   5.7100000e+02   1.4814655e-01
   5.7200000e+02   1.6134661e-01
   5.7300000e+02   1.7041367e-01
   5.7400000e+02   1.8857237e-01
   5.7500000e+02   2.0993919e-01
   5.7600000e+02   2.3060055e-01
   5.7700000e+02   2.4701483e-01
   5.7800000e+02   2.5897461e-01
   5.7900000e+02   2.6434840e-01
   5.8000000e+02   2.6879947e-01
   5.8100000e+02   2.6375863e-01
   5.8200000e+02   2.5450031e-01
   5.8300000e+02   2.5135593e-01
   5.8400000e+02   2.4937787e-01
   5.8500000e+02   2.4419155e-01
   5.8600000e+02   2.2431620e-01
   5.8700000e+02   2.1697888e-01
   5.8800000e+02   2.0738117e-01
   5.8900000e+02   1.9929749e-01
   5.9000000e+02   1.9582063e-01
   5.9100000e+02   1.8892947e-01
   5.9200000e+02   1.8174260e-01
   5.9300000e+02   1.8064245e-01
   5.9400000e+02   1.8121466e-01
   5.9500000e+02   1.7868485e-01
   5.9600000e+02   1.7478496e-01
   5.9700000e+02   1.6780128e-01
   5.9800000e+02   1.6428669e-01
   5.9900000e+02   1.6000487e-01
   6.0000000e+02   1.6384165e-01
   6.0100000e+02   1.6305274e-01
   6.0200000e+02   1.6686390e-01
   6.0300000e+02   1.6623450e-01
   6.0400000e+02   1.4830954e-01
   6.0500000e+02   1.3267607e-01
   6.0600000e+02   1.2161606e-01
   6.0700000e+02   1.1872203e-01
   6.0800000e+02   9.2093007e-02
   6.0900000e+02   7.7733449e-02
   6.1000000e+02   7.7165523e-02
   6.1100000e+02   6.9526384e-02
   6.1200000e+02   6.3034664e-02
   6.1300000e+02   4.4899142e-02
   6.1400000e+02   3.9303584e-02
   6.1500000e+02   3.3947629e-02
   6.1600000e+02   2.4353127e-02
   6.1700000e+02   2.2996754e-02
   6.1800000e+02   1.8712747e-02
   6.1900000e+02   1.7412250e-02
   6.2000000e+02   2.6744048e-02
   6.2100000e+02   2.2816961e-02
   6.2200000e+02   2.0785297e-02
   6.2300000e+02   1.3777441e-02
   6.2400000e+02   1.2952616e-02
   6.2500000e+02   1.5535666e-02
   6.2600000e+02   1.6088863e-02
   6.2700000e+02   2.6695706e-02
   6.2800000e+02   2.9171633e-02
   6.2900000e+02   2.6759690e-02
   6.3000000e+02   3.5604873e-02
   6.3100000e+02   3.5205587e-02
   6.3200000e+02   3.3833208e-02
   6.3300000e+02   3.9605756e-02
   6.3400000e+02   4.0897371e-02
   6.3500000e+02   4.1478161e-02
   6.3600000e+02   5.8300931e-02
   6.3700000e+02   6.2564388e-02
   6.3800000e+02   5.3618047e-02
   6.3900000e+02   5.7662733e-02
   6.4000000e+02   5.7263602e-02
   6.4100000e+02   6.3989448e-02
   6.4200000e+02   5.7903566e-02
   6.4300000e+02   5.2300037e-02
   6.4400000e+02   4.7323338e-02
   6.4500000e+02   5.8662908e-02
   6.4600000e+02   6.4303834e-02
   6.4700000e+02   6.2655211e-02
   6.4800000e+02   7.3555398e-02
   6.4900000e+02   8.3924989e-02
   6.5000000e+02   8.6133131e-02
   6.5100000e+02   8.9358179e-02
   6.5200000e+02   9.9236724e-02
   6.5300000e+02   1.0193288e-01
   6.5400000e+02   1.0653936e-01
   6.5500000e+02   1.1026513e-01
   6.5600000e+02   1.1609092e-01
   6.5700000e+02   1.3781847e-01
   6.5800000e+02   1.5089473e-01
   6.5900000e+02   1.6300567e-01
   6.6000000e+02   1.7314299e-01
   6.6100000e+02   1.9020402e-01
   6.6200000e+02   2.0678061e-01
   6.6300000e+02   2.1949595e-01
   6.6400000e+02   2.4516991e-01
   6.6500000e+02   2.6270994e-01
   6.6600000e+02   2.7782829e-01
   6.6700000e+02   2.9277876e-01
   6.6800000e+02   3.0503718e-01
   6.6900000e+02   3.2368077e-01
   6.7000000e+02   3.3453209e-01
   6.7100000e+02   3.4124617e-01
   6.7200000e+02   3.4776360e-01
   6.7300000e+02   3.4428942e-01
   6.7400000e+02   3.4128945e-01
   6.7500000e+02   3.3450868e-01
   6.7600000e+02   3.1986458e-01
   6.7700000e+02   3.0836167e-01
   6.7800000e+02   2.9780596e-01
   6.7900000e+02   2.9163786e-01
   6.8000000e+02   2.8859299e-01
   6.8100000e+02   2.8217032e-01
   6.8200000e+02   2.7965464e-01
   6.8300000e+02   2.7944744e-01
   6.8400000e+02   2.7491625e-01
   6.8500000e+02   2.7517292e-01
   6.8600000e+02   2.6919325e-01
   6.8700000e+02   2.6522151e-01
   6.8800000e+02   2.6776385e-01
   6.8900000e+02   2.6145676e-01
   6.9000000e+02   2.5628411e-01
   6.9100000e+02   2.5202720e-01
   6.9200000e+02   2.5183071e-01
   6.9300000e+02   2.4882074e-01
   6.9400000e+02   2.3827115e-01
   6.9500000e+02   2.3088451e-01
   6.9600000e+02   2.2194130e-01
   6.9700000e+02   2.0849491e-01
   6.9800000e+02   1.9582437e-01
   6.9900000e+02   1.8698480e-01
   7.0000000e+02   1.8197063e-01
   7.0100000e+02   1.6850269e-01
   7.0200000e+02   1.4484439e-01
   7.0300000e+02   1.2918536e-01
   7.0400000e+02   1.2501886e-01
   7.0500000e+02   1.1511242e-01
   7.0600000e+02   1.0704327e-01
   7.0700000e+02   1.0757749e-01
   7.0800000e+02   9.8825448e-02
   7.0900000e+02   9.0139032e-02
   7.1000000e+02   8.4847923e-02
   7.1100000e+02   8.0078645e-02
   7.1200000e+02   8.0927220e-02
   7.1300000e+02   8.8392268e-02
   7.1400000e+02   8.0435172e-02
   7.1500000e+02   7.3736402e-02
   7.1600000e+02   7.0071683e-02
   7.1700000e+02   7.0761388e-02
   7.1800000e+02   6.7072920e-02
   7.1900000e+02   6.7055144e-02
   7.2000000e+02   6.0920459e-02
   7.2100000e+02   5.8960884e-02
   7.2200000e+02   6.3000866e-02
   7.2300000e+02   5.8863050e-02
   7.2400000e+02   4.9698030e-02
   7.2500000e+02   4.9279710e-02
   7.2600000e+02   5.1799638e-02
   7.2700000e+02   4.4069584e-02
   7.2800000e+02   3.9380988e-02
   7.2900000e+02   4.4107312e-02
   7.3000000e+02   3.7738409e-02
   7.3100000e+02   3.0513753e-02
   7.3200000e+02   3.6531368e-02
   7.3300000e+02   3.7543983e-02
   7.3400000e+02   3.4879592e-02
   7.3500000e+02   3.0855682e-02
   7.3600000e+02   3.3424832e-02
   7.3700000e+02   3.7047221e-02
   7.3800000e+02   3.8049197e-02
   7.3900000e+02   3.2412160e-02
   7.4000000e+02   3.9478296e-02
   7.4100000e+02   4.8056784e-02
   7.4200000e+02   3.8994632e-02
   7.4300000e+02   3.9843912e-02
   7.4400000e+02   3.9010683e-02
   7.4500000e+02   3.8108249e-02
   7.4600000e+02   3.8586713e-02
   7.4700000e+02   3.8228330e-02
   7.4800000e+02   3.7568774e-02
   7.4900000e+02   4.0848490e-02
   7.5000000e+02   4.6887090e-02
   7.5100000e+02   5.0247695e-02
   7.5200000e+02   5.4388782e-02
   7.5300000e+02   6.0782060e-02
   7.5400000e+02   6.1120845e-02
   7.5500000e+02   6.1509208e-02
   7.5600000e+02   6.7112247e-02
   7.5700000e+02   7.1773689e-02
   7.5800000e+02   5.9045532e-02
   7.5900000e+02   5.7791269e-02
   7.6000000e+02   5.3235801e-02
   7.6100000e+02   6.2605533e-02
   7.6200000e+02   6.9388643e-02
   7.6300000e+02   6.6349694e-02
   7.6400000e+02   6.5704436e-02
   7.6500000e+02   7.2749088e-02
   7.6600000e+02   7.9389554e-02
   7.6700000e+02   7.3220385e-02
   7.6800000e+02   8.3705875e-02
   7.6900000e+02   9.0742619e-02
   7.7000000e+02   9.2264572e-02
   7.7100000e+02   9.6932956e-02
   7.7200000e+02   1.0239219e-01
   7.7300000e+02   1.0906894e-01
   7.7400000e+02   1.0573155e-01
   7.7500000e+02   1.0235465e-01
   7.7600000e+02   1.0665702e-01
   7.7700000e+02   1.1740056e-01
   7.7800000e+02   1.3043550e-01
   7.7900000e+02   1.4523285e-01
   7.8000000e+02   1.4654160e-01
   7.8100000e+02   1.3892831e-01
   7.8200000e+02   1.3130719e-01
   7.8300000e+02   1.1118326e-01
   7.8400000e+02   9.4487744e-02
   7.8500000e+02   8.3809342e-02
   7.8600000e+02   7.8024974e-02
   7.8700000e+02   5.5059605e-02
   7.8800000e+02   4.4972962e-02
   7.8900000e+02   4.2925011e-02
   7.9000000e+02   3.2495065e-02
   7.9100000e+02   2.8718409e-02
   7.9200000e+02   2.1068150e-02
   7.9300000e+02   1.2670878e-02
   7.9400000e+02   9.8299954e-03
   7.9500000e+02   1.2984591e-02
   7.9600000e+02   1.2122676e-02
   7.9700000e+02   1.4386212e-02
   7.9800000e+02   2.5947949e-02
   7.9900000e+02   3.3012375e-02
   8.0000000e+02   3.7912534e-02
   8.0100000e+02   4.0054610e-02
   8.0200000e+02   4.9499562e-02
   8.0300000e+02   5.1160148e-02
   8.0400000e+02   4.8644919e-02
   8.0500000e+02   4.8207643e-02
   8.0600000e+02   5.6083896e-02
   8.0700000e+02   5.7163949e-02
   8.0800000e+02   4.6823832e-02
   8.0900000e+02   4.3401601e-02
   8.1000000e+02   4.6669699e-02
   8.1100000e+02   4.4268735e-02
   8.1200000e+02   4.4002331e-02
   8.1300000e+02   5.0498590e-02
   8.1400000e+02   5.3904971e-02
   8.1500000e+02   4.8818460e-02
   8.1600000e+02   5.0019246e-02
   8.1700000e+02   4.6061449e-02
   8.1800000e+02   4.3944335e-02
   8.1900000e+02   5.0724641e-02
   8.2000000e+02   5.6346139e-02
   8.2100000e+02   5.1126213e-02
   8.2200000e+02   5.3260409e-02
   8.2300000e+02   5.5164829e-02
   8.2400000e+02   7.0131123e-02
   8.2500000e+02   7.1358382e-02
   8.2600000e+02   7.4675742e-02
   8.2700000e+02   8.2062260e-02
   8.2800000e+02   7.5932894e-02
   8.2900000e+02   7.7661546e-02
   8.3000000e+02   9.1425756e-02
   8.3100000e+02   9.6209269e-02
   8.3200000e+02   9.4503734e-02
   8.3300000e+02   9.3021116e-02
   8.3400000e+02   9.3060914e-02
   8.3500000e+02   1.0270479e-01
   8.3600000e+02   1.0804633e-01
   8.3700000e+02   1.0873413e-01
   8.3800000e+02   1.1806547e-01
   8.3900000e+02   1.2719103e-01
   8.4000000e+02   1.3238935e-01
   8.4100000e+02   1.3232533e-01
   8.4200000e+02   1.3659237e-01
   8.4300000e+02   1.4313961e-01
   8.4400000e+02   1.4514934e-01
   8.4500000e+02   1.5333347e-01
   8.4600000e+02   1.5761943e-01
   8.4700000e+02   1.5395435e-01
   8.4800000e+02   1.5505227e-01
   8.4900000e+02   1.5520529e-01
   8.5000000e+02   1.5294524e-01
   8.5100000e+02   1.5522451e-01
   8.5200000e+02   1.6206826e-01
   8.5300000e+02   1.5975266e-01
   8.5400000e+02   1.5074641e-01
   8.5500000e+02   1.4618560e-01
   8.5600000e+02   1.4672932e-01
   8.5700000e+02   1.4376913e-01
   8.5800000e+02   1.4224800e-01
   8.5900000e+02   1.4467823e-01
   8.6000000e+02   1.4340882e-01
   8.6100000e+02   1.4369508e-01
   8.6200000e+02   1.4762965e-01
   8.6300000e+02   1.5653187e-01
   8.6400000e+02   1.6509196e-01
   8.6500000e+02   1.7074189e-01
   8.6600000e+02   1.7202335e-01
   8.6700000e+02   1.7599255e-01
   8.6800000e+02   1.7770581e-01
   8.6900000e+02   1.7701114e-01
   8.7000000e+02   1.7908616e-01
   8.7100000e+02   1.8011469e-01
   8.7200000e+02   1.7503091e-01
   8.7300000e+02   1.7566576e-01
   8.7400000e+02   1.7997733e-01
   8.7500000e+02   1.8274011e-01
   8.7600000e+02   1.8273269e-01
   8.7700000e+02   1.8765899e-01
   8.7800000e+02   1.8809902e-01
   8.7900000e+02   1.8847078e-01
   8.8000000e+02   1.9206785e-01
   8.8100000e+02   1.9308424e-01
   8.8200000e+02   1.9867461e-01
   8.8300000e+02   2.0063935e-01
   8.8400000e+02   2.0270906e-01
   8.8500000e+02   2.0850914e-01
   8.8600000e+02   2.0555888e-01
   8.8700000e+02   2.0734299e-01
   8.8800000e+02   2.2109544e-01
   8.8900000e+02   2.2402829e-01
   8.9000000e+02   2.2584032e-01
   8.9100000e+02   2.2324206e-01
   8.9200000e+02   2.2397731e-01
   8.9300000e+02   2.2790047e-01
   8.9400000e+02   2.3208179e-01
   8.9500000e+02   2.2814292e-01
   8.9600000e+02   2.1930315e-01
   8.9700000e+02   2.1478322e-01
   8.9800000e+02   2.1278447e-01
   8.9900000e+02   2.1217418e-01
   9.0000000e+02   2.0617942e-01
   9.0100000e+02   1.9172621e-01
   9.0200000e+02   1.8101361e-01
   9.0300000e+02   1.7141509e-01
   9.0400000e+02   1.6506629e-01
   9.0500000e+02   1.6120426e-01
   9.0600000e+02   1.5865487e-01
   9.0700000e+02   1.5458258e-01
   9.0800000e+02   1.4685734e-01
   9.0900000e+02   1.3789414e-01
   9.1000000e+02   1.2852961e-01
   9.1100000e+02   1.2071250e-01
   9.1200000e+02   1.1951674e-01
   9.1300000e+02   1.1662902e-01
   9.1400000e+02   1.1365840e-01
   9.1500000e+02   1.1302184e-01
   9.1600000e+02   1.0615746e-01
   9.1700000e+02   9.3814959e-02
   9.1800000e+02   9.2164518e-02
   9.1900000e+02   9.1580784e-02
   9.2000000e+02   8.6931746e-02
   9.2100000e+02   8.1683276e-02
   9.2200000e+02   7.8382957e-02
   9.2300000e+02   7.5476067e-02
   9.2400000e+02   7.5949548e-02
   9.2500000e+02   7.5242686e-02
   9.2600000e+02   7.1687604e-02
   9.2700000e+02   7.2888420e-02
   9.2800000e+02   7.1818195e-02
   9.2900000e+02   6.7672052e-02
   9.3000000e+02   7.0254708e-02
   9.3100000e+02   6.9865529e-02
   9.3200000e+02   6.6718131e-02
   9.3300000e+02   5.8149195e-02
   9.3400000e+02   5.0504461e-02
   9.3500000e+02   5.1957061e-02
   9.3600000e+02   5.4479494e-02
   9.3700000e+02   6.0188506e-02
   9.3800000e+02   5.9989287e-02
   9.3900000e+02   5.4059653e-02
   9.4000000e+02   5.3376906e-02
   9.4100000e+02   5.2997314e-02
   9.4200000e+02   4.8967605e-02
   9.4300000e+02   4.5845873e-02
   9.4400000e+02   4.3941462e-02
   9.4500000e+02   3.9981500e-02
   9.4600000e+02   4.0702210e-02
   9.4700000e+02   3.7255850e-02
   9.4800000e+02   3.4180614e-02
   9.4900000e+02   3.5059381e-02
   9.5000000e+02   3.3226886e-02
   9.5100000e+02   2.7799180e-02
   9.5200000e+02   2.0086789e-02
   9.5300000e+02   1.5515484e-02
   9.5400000e+02   1.6022314e-02
   9.5500000e+02   1.9887078e-02
   9.5600000e+02   2.1737008e-02
   9.5700000e+02   2.2612982e-02
   9.5800000e+02   1.8781954e-02
   9.5900000e+02   9.1920745e-03
   9.6000000e+02   1.2784358e-02
   9.6100000e+02   1.3479416e-02
   9.6200000e+02   1.0302181e-02
   9.6300000e+02   9.8661546e-03
   9.6400000e+02   9.8752346e-03
   9.6500000e+02   1.1119845e-02
   9.6600000e+02   6.2694430e-03
   9.6700000e+02   5.0411762e-03
   9.6800000e+02   5.5725793e-03
   9.6900000e+02   3.5395998e-03
   9.7000000e+02   1.0296544e-02
   9.7100000e+02   1.9209962e-02
   9.7200000e+02   2.1365340e-02
   9.7300000e+02   1.5847437e-02
   9.7400000e+02   1.4171940e-02
   9.7500000e+02   1.8810124e-02
   9.7600000e+02   2.3958695e-02
   9.7700000e+02   2.3403461e-02
   9.7800000e+02   2.3262787e-02
   9.7900000e+02   2.6264764e-02
   9.8000000e+02   2.7617914e-02
   9.8100000e+02   3.0888966e-02
   9.8200000e+02   3.3620398e-02
   9.8300000e+02   3.6718460e-02
   9.8400000e+02   3.6998264e-02
   9.8500000e+02   2.7535869e-02
   9.8600000e+02   3.3585117e-02
   9.8700000e+02   4.2011208e-02
   9.8800000e+02   4.6948934e-02
   9.8900000e+02   4.9137863e-02
   9.9000000e+02   5.5060608e-02
   9.9100000e+02   5.9523567e-02
   9.9200000e+02   5.8922789e-02
   9.9300000e+02   6.1374129e-02
   9.9400000e+02   6.2437613e-02
   9.9500000e+02   6.1579516e-02
   9.9600000e+02   6.7806585e-02
   9.9700000e+02   7.6654080e-02
   9.9800000e+02   8.6544133e-02
   9.9900000e+02   8.9317458e-02
   1.0000000e+03   9.5785593e-02
   1.0010000e+03   1.0407066e-01
   1.0020000e+03   1.1447829e-01
   1.0030000e+03   1.2586261e-01
   1.0040000e+03   1.3670035e-01
   1.0050000e+03   1.5125830e-01
   1.0060000e+03   1.6558919e-01
   1.0070000e+03   1.8164306e-01
   1.0080000e+03   1.9673514e-01
   1.0090000e+03   2.1161882e-01
   1.0100000e+03   2.3041786e-01
   1.0110000e+03   2.5130567e-01
   1.0120000e+03   2.7215982e-01
   1.0130000e+03   2.9084157e-01
   1.0140000e+03   3.0826595e-01
   1.0150000e+03   3.2710184e-01
   1.0160000e+03   3.4166165e-01
   1.0170000e+03   3.5405702e-01
   1.0180000e+03   3.6181478e-01
   1.0190000e+03   3.7218575e-01
   1.0200000e+03   3.8269649e-01
   1.0210000e+03   3.8888786e-01
   1.0220000e+03   3.8697242e-01
   1.0230000e+03   3.7729842e-01
   1.0240000e+03   3.6615911e-01
   1.0250000e+03   3.5772718e-01
   1.0260000e+03   3.5045677e-01
   1.0270000e+03   3.3558623e-01
   1.0280000e+03   3.1408637e-01
   1.0290000e+03   2.9953968e-01
   1.0300000e+03   2.8827478e-01
   1.0310000e+03   2.7594756e-01
   1.0320000e+03   2.6481418e-01
   1.0330000e+03   2.5349534e-01
   1.0340000e+03   2.4199511e-01
   1.0350000e+03   2.3250486e-01
   1.0360000e+03   2.2183159e-01
   1.0370000e+03   2.1040008e-01
   1.0380000e+03   2.0489722e-01
   1.0390000e+03   1.9643730e-01
   1.0400000e+03   1.8540827e-01
   1.0410000e+03   1.8537579e-01
   1.0420000e+03   1.7889653e-01
   1.0430000e+03   1.6579774e-01
   1.0440000e+03   1.5300777e-01
   1.0450000e+03   1.4567158e-01
   1.0460000e+03   1.4018494e-01
   1.0470000e+03   1.3343752e-01
   1.0480000e+03   1.3015243e-01
   1.0490000e+03   1.2463364e-01
   1.0500000e+03   1.1897080e-01
   1.0510000e+03   1.1798853e-01
   1.0520000e+03   1.1511241e-01
   1.0530000e+03   1.1208148e-01
   1.0540000e+03   1.1179050e-01
   1.0550000e+03   1.1332079e-01
   1.0560000e+03   1.0774758e-01
   1.0570000e+03   1.0800680e-01
   1.0580000e+03   1.1147685e-01
   1.0590000e+03   1.1269050e-01
   1.0600000e+03   1.1602040e-01
   1.0610000e+03   1.1898319e-01
   1.0620000e+03   1.2149856e-01
   1.0630000e+03   1.2258072e-01
   1.0640000e+03   1.2089004e-01
   1.0650000e+03   1.2536444e-01
   1.0660000e+03   1.3242296e-01
   1.0670000e+03   1.3851444e-01
   1.0680000e+03   1.3938868e-01
   1.0690000e+03   1.4096883e-01
   1.0700000e+03   1.4292542e-01
   1.0710000e+03   1.4502124e-01
   1.0720000e+03   1.4969216e-01
   1.0730000e+03   1.5874587e-01
   1.0740000e+03   1.6058331e-01
   1.0750000e+03   1.5881853e-01
   1.0760000e+03   1.5951807e-01
   1.0770000e+03   1.6273830e-01
   1.0780000e+03   1.6686456e-01
   1.0790000e+03   1.7204757e-01
   1.0800000e+03   1.7255234e-01
   1.0810000e+03   1.8017553e-01
   1.0820000e+03   1.8991295e-01
   1.0830000e+03   1.9044360e-01
   1.0840000e+03   1.9057212e-01
   1.0850000e+03   1.9679999e-01
   1.0860000e+03   1.9805832e-01
   1.0870000e+03   1.9787198e-01
   1.0880000e+03   1.9981437e-01
   1.0890000e+03   2.0123568e-01
   1.0900000e+03   2.0272556e-01
   1.0910000e+03   2.0576213e-01
   1.0920000e+03   2.0810193e-01
   1.0930000e+03   2.0702351e-01
   1.0940000e+03   2.0731570e-01
   1.0950000e+03   2.0914087e-01
   1.0960000e+03   2.1244748e-01
   1.0970000e+03   2.1357752e-01
   1.0980000e+03   2.1358113e-01
   1.0990000e+03   2.1648299e-01
   1.1000000e+03   2.1595243e-01
   1.1010000e+03   2.1557919e-01
   1.1020000e+03   2.1613975e-01
   1.1030000e+03   2.2010318e-01
   1.1040000e+03   2.2127134e-01
   1.1050000e+03   2.2408159e-01
   1.1060000e+03   2.2816691e-01
   1.1070000e+03   2.2246816e-01
   1.1080000e+03   2.2329625e-01
   1.1090000e+03   2.2937899e-01
   1.1100000e+03   2.2693282e-01
   1.1110000e+03   2.2492282e-01
   1.1120000e+03   2.2701362e-01
   1.1130000e+03   2.2533614e-01
   1.1140000e+03   2.2324902e-01
   1.1150000e+03   2.1899787e-01
   1.1160000e+03   2.1692309e-01
   1.1170000e+03   2.1629042e-01
   1.1180000e+03   2.1284590e-01
   1.1190000e+03   2.1481045e-01
   1.1200000e+03   2.1472115e-01
   1.1210000e+03   2.1424927e-01
   1.1220000e+03   2.1364213e-01
   1.1230000e+03   2.0558616e-01
   1.1240000e+03   2.0426812e-01
   1.1250000e+03   1.9855593e-01
   1.1260000e+03   1.9475931e-01
   1.1270000e+03   1.9812669e-01
   1.1280000e+03   1.9422027e-01
   1.1290000e+03   1.9017768e-01
   1.1300000e+03   1.8551076e-01
   1.1310000e+03   1.7796894e-01
   1.1320000e+03   1.7228336e-01
   1.1330000e+03   1.7011913e-01
   1.1340000e+03   1.6357210e-01
   1.1350000e+03   1.5816829e-01
   1.1360000e+03   1.5396723e-01
   1.1370000e+03   1.4743670e-01
   1.1380000e+03   1.4257973e-01
   1.1390000e+03   1.3967802e-01
   1.1400000e+03   1.3454336e-01
   1.1410000e+03   1.2762414e-01
   1.1420000e+03   1.2228110e-01
   1.1430000e+03   1.1596073e-01
   1.1440000e+03   1.0883571e-01
   1.1450000e+03   1.0352516e-01
   1.1460000e+03   9.7713595e-02
   1.1470000e+03   9.7460363e-02
   1.1480000e+03   9.2507958e-02
   1.1490000e+03   7.9134896e-02
   1.1500000e+03   7.7396371e-02
   1.1510000e+03   7.2429418e-02
   1.1520000e+03   7.2113795e-02
   1.1530000e+03   6.4800628e-02
   1.1540000e+03   5.5290722e-02
   1.1550000e+03   5.0929806e-02
   1.1560000e+03   5.2345554e-02
   1.1570000e+03   4.5039260e-02
   1.1580000e+03   3.9127672e-02
   1.1590000e+03   4.1986770e-02
   1.1600000e+03   3.8230302e-02
   1.1610000e+03   3.6469807e-02
   1.1620000e+03   3.8655754e-02
   1.1630000e+03   3.7017008e-02
   1.1640000e+03   3.9245797e-02
   1.1650000e+03   4.5243202e-02
   1.1660000e+03   4.8825801e-02
   1.1670000e+03   5.2817382e-02
   1.1680000e+03   5.6271670e-02
   1.1690000e+03   6.1722862e-02
   1.1700000e+03   7.1033923e-02
   1.1710000e+03   8.1552148e-02
   1.1720000e+03   9.5559164e-02
   1.1730000e+03   1.0695385e-01
   1.1740000e+03   1.1715558e-01
   1.1750000e+03   1.3054743e-01
   1.1760000e+03   1.4600634e-01
   1.1770000e+03   1.5317130e-01
   1.1780000e+03   1.5758889e-01
   1.1790000e+03   1.6227909e-01
   1.1800000e+03   1.6459566e-01
   1.1810000e+03   1.6810839e-01
   1.1820000e+03   1.6429670e-01
   1.1830000e+03   1.5930753e-01
   1.1840000e+03   1.5048972e-01
   1.1850000e+03   1.3595638e-01
   1.1860000e+03   1.2263550e-01
   1.1870000e+03   1.1130306e-01
   1.1880000e+03   1.0103450e-01
   1.1890000e+03   9.2044642e-02
   1.1900000e+03   8.6966562e-02
   1.1910000e+03   8.5923365e-02
   1.1920000e+03   8.5050044e-02
   1.1930000e+03   8.2666207e-02
   1.1940000e+03   8.5537423e-02
   1.1950000e+03   8.6307532e-02
   1.1960000e+03   9.1506682e-02
   1.1970000e+03   9.3928163e-02
   1.1980000e+03   9.5220979e-02
   1.1990000e+03   1.0555257e-01
   1.2000000e+03   1.1347246e-01
   1.2010000e+03   1.2038398e-01
   1.2020000e+03   1.2117100e-01
   1.2030000e+03   1.2045812e-01
   1.2040000e+03   1.2254397e-01
   1.2050000e+03   1.2008538e-01
   1.2060000e+03   1.1730180e-01
   1.2070000e+03   1.1776787e-01
   1.2080000e+03   1.1260153e-01
   1.2090000e+03   1.0595827e-01
   1.2100000e+03   1.0955576e-01
   1.2110000e+03   1.0621941e-01
   1.2120000e+03   1.0290891e-01
   1.2130000e+03   9.7655947e-02
   1.2140000e+03   9.1852093e-02
   1.2150000e+03   9.2758833e-02
   1.2160000e+03   9.3132866e-02
   1.2170000e+03   8.8472637e-02
   1.2180000e+03   8.6032382e-02
   1.2190000e+03   8.2728249e-02
   1.2200000e+03   8.4972152e-02
   1.2210000e+03   8.6864382e-02
   1.2220000e+03   8.5984136e-02
   1.2230000e+03   9.0370905e-02
   1.2240000e+03   9.1672294e-02
   1.2250000e+03   9.0059012e-02
   1.2260000e+03   9.2868126e-02
   1.2270000e+03   9.3915846e-02
   1.2280000e+03   1.0204386e-01
   1.2290000e+03   1.1601230e-01
   1.2300000e+03   1.1790275e-01
   1.2310000e+03   1.2223131e-01
   1.2320000e+03   1.2895402e-01
   1.2330000e+03   1.3305787e-01
   1.2340000e+03   1.3792855e-01
   1.2350000e+03   1.4294395e-01
   1.2360000e+03   1.4452457e-01
   1.2370000e+03   1.4201632e-01
   1.2380000e+03   1.3863621e-01
   1.2390000e+03   1.3614998e-01
   1.2400000e+03   1.3274875e-01
   1.2410000e+03   1.2632550e-01
   1.2420000e+03   1.2075519e-01
   1.2430000e+03   1.1715516e-01
   1.2440000e+03   1.1410448e-01
   1.2450000e+03   1.0933373e-01
   1.2460000e+03   1.0327663e-01
   1.2470000e+03   9.5853604e-02
   1.2480000e+03   9.4785673e-02
   1.2490000e+03   9.9694787e-02
   1.2500000e+03   9.0543318e-02
   1.2510000e+03   8.8500785e-02
   1.2520000e+03   8.8877835e-02
   1.2530000e+03   8.5349016e-02
   1.2540000e+03   8.1441317e-02
   1.2550000e+03   8.4347490e-02
   1.2560000e+03   8.6872656e-02
   1.2570000e+03   8.5832972e-02
   1.2580000e+03   8.7343682e-02
   1.2590000e+03   8.9659744e-02
   1.2600000e+03   9.2118240e-02
   1.2610000e+03   9.4502219e-02
   1.2620000e+03   9.4359343e-02
   1.2630000e+03   9.0808451e-02
   1.2640000e+03   9.0454889e-02
   1.2650000e+03   9.6743675e-02
   1.2660000e+03   1.0479780e-01
   1.2670000e+03   1.0631584e-01
   1.2680000e+03   1.0672864e-01
   1.2690000e+03   1.0338063e-01
   1.2700000e+03   1.0481697e-01
   1.2710000e+03   1.0769611e-01
   1.2720000e+03   1.1131904e-01
   1.2730000e+03   1.1468383e-01
   1.2740000e+03   1.1151277e-01
   1.2750000e+03   1.1440344e-01
   1.2760000e+03   1.2376233e-01
   1.2770000e+03   1.2537913e-01
   1.2780000e+03   1.2743934e-01
   1.2790000e+03   1.2863005e-01
   1.2800000e+03   1.4011365e-01
   1.2810000e+03   1.4613803e-01
   1.2820000e+03   1.4919364e-01
   1.2830000e+03   1.5945255e-01
   1.2840000e+03   1.6078121e-01
   1.2850000e+03   1.6214539e-01
   1.2860000e+03   1.6823499e-01
   1.2870000e+03   1.7973526e-01
   1.2880000e+03   1.8853478e-01
   1.2890000e+03   1.9313309e-01
   1.2900000e+03   2.0143646e-01
   1.2910000e+03   2.1038928e-01
   1.2920000e+03   2.1857276e-01
   1.2930000e+03   2.3058807e-01
   1.2940000e+03   2.4784278e-01
   1.2950000e+03   2.6319644e-01
   1.2960000e+03   2.7671922e-01
   1.2970000e+03   2.9630950e-01
   1.2980000e+03   3.1539389e-01
   1.2990000e+03   3.3541693e-01
   1.3000000e+03   3.5675136e-01
   1.3010000e+03   3.8837764e-01
   1.3020000e+03   4.1944733e-01
   1.3030000e+03   4.5089482e-01
   1.3040000e+03   4.9187919e-01
   1.3050000e+03   5.3618824e-01
   1.3060000e+03   5.8594309e-01
   1.3070000e+03   6.4357186e-01
   1.3080000e+03   7.0941616e-01
   1.3090000e+03   7.7766465e-01
   1.3100000e+03   8.5081614e-01
   1.3110000e+03   9.3184416e-01
   1.3120000e+03   1.0217521e+00
   1.3130000e+03   1.1162611e+00
   1.3140000e+03   1.2122453e+00
   1.3150000e+03   1.3163263e+00
   1.3160000e+03   1.4147360e+00
   1.3170000e+03   1.5195418e+00
   1.3180000e+03   1.6229843e+00
   1.3190000e+03   1.7297129e+00
   1.3200000e+03   1.8375162e+00
   1.3210000e+03   1.9284488e+00
   1.3220000e+03   2.0102012e+00
   1.3230000e+03   2.0833714e+00
   1.3240000e+03   2.1440190e+00
   1.3250000e+03   2.1909199e+00
   1.3260000e+03   2.2229568e+00
   1.3270000e+03   2.2305986e+00
   1.3280000e+03   2.2164477e+00
   1.3290000e+03   2.1958992e+00
   1.3300000e+03   2.1561286e+00
   1.3310000e+03   2.0894924e+00
   1.3320000e+03   2.0198873e+00
   1.3330000e+03   1.9494405e+00
   1.3340000e+03   1.8827632e+00
   1.3350000e+03   1.8144405e+00
   1.3360000e+03   1.7336256e+00
   1.3370000e+03   1.6528052e+00
   1.3380000e+03   1.5840986e+00
   1.3390000e+03   1.5214135e+00
   1.3400000e+03   1.4661184e+00
   1.3410000e+03   1.4013957e+00
   1.3420000e+03   1.3604845e+00
   1.3430000e+03   1.3307877e+00
   1.3440000e+03   1.3072528e+00
   1.3450000e+03   1.2905726e+00
   1.3460000e+03   1.2893894e+00
   1.3470000e+03   1.3049033e+00
   1.3480000e+03   1.3240015e+00
   1.3490000e+03   1.3491876e+00
   1.3500000e+03   1.3825676e+00
   1.3510000e+03   1.4166318e+00
   1.3520000e+03   1.4561973e+00
   1.3530000e+03   1.4956042e+00
   1.3540000e+03   1.5345660e+00
   1.3550000e+03   1.5727818e+00
   1.3560000e+03   1.6056589e+00
   1.3570000e+03   1.6299020e+00
   1.3580000e+03   1.6403650e+00
   1.3590000e+03   1.6427674e+00
   1.3600000e+03   1.6397040e+00
   1.3610000e+03   1.6321080e+00
   1.3620000e+03   1.6151210e+00
   1.3630000e+03   1.5902713e+00
   1.3640000e+03   1.5572498e+00
   1.3650000e+03   1.5201118e+00
   1.3660000e+03   1.4837320e+00
   1.3670000e+03   1.4430989e+00
   1.3680000e+03   1.3915142e+00
   1.3690000e+03   1.3423852e+00
   1.3700000e+03   1.2950620e+00
   1.3710000e+03   1.2372304e+00
   1.3720000e+03   1.1808700e+00
   1.3730000e+03   1.1286779e+00
   1.3740000e+03   1.0769141e+00
   1.3750000e+03   1.0233872e+00
   1.3760000e+03   9.6571526e-01
   1.3770000e+03   9.0944844e-01
   1.3780000e+03   8.6311867e-01
   1.3790000e+03   8.1981761e-01
   1.3800000e+03   7.7373207e-01
   1.3810000e+03   7.2939053e-01
   1.3820000e+03   6.9201528e-01
   1.3830000e+03   6.5739886e-01
   1.3840000e+03   6.2672981e-01
   1.3850000e+03   6.0100502e-01
   1.3860000e+03   5.8153445e-01
   1.3870000e+03   5.6360754e-01
   1.3880000e+03   5.4231757e-01
   1.3890000e+03   5.2871582e-01
   1.3900000e+03   5.1573255e-01
   1.3910000e+03   5.0000733e-01
   1.3920000e+03   4.8706781e-01
   1.3930000e+03   4.7571572e-01
   1.3940000e+03   4.6733000e-01
   1.3950000e+03   4.5513752e-01
   1.3960000e+03   4.4872521e-01
   1.3970000e+03   4.4534317e-01
   1.3980000e+03   4.4018351e-01
   1.3990000e+03   4.4287777e-01
   1.4000000e+03   4.4657961e-01
   1.4010000e+03   4.5248427e-01
   1.4020000e+03   4.6659822e-01
   1.4030000e+03   4.7641357e-01
   1.4040000e+03   4.8619007e-01
   1.4050000e+03   5.0008634e-01
   1.4060000e+03   5.1260792e-01
   1.4070000e+03   5.1845408e-01
   1.4080000e+03   5.2254507e-01
   1.4090000e+03   5.2392546e-01
   1.4100000e+03   5.1963263e-01
   1.4110000e+03   5.1176365e-01
   1.4120000e+03   5.0597909e-01
   1.4130000e+03   4.8920588e-01
   1.4140000e+03   4.7505401e-01
   1.4150000e+03   4.5850736e-01
   1.4160000e+03   4.3351412e-01
   1.4170000e+03   4.1066624e-01
   1.4180000e+03   3.9007772e-01
   1.4190000e+03   3.7049114e-01
   1.4200000e+03   3.5382743e-01
   1.4210000e+03   3.3367485e-01
   1.4220000e+03   3.1943002e-01
   1.4230000e+03   3.1140756e-01
   1.4240000e+03   3.0088026e-01
   1.4250000e+03   2.9384537e-01
   1.4260000e+03   2.8903275e-01
   1.4270000e+03   2.8268169e-01
   1.4280000e+03   2.8206564e-01
   1.4290000e+03   2.8015806e-01
   1.4300000e+03   2.7756958e-01
   1.4310000e+03   2.7818432e-01
   1.4320000e+03   2.7834307e-01
   1.4330000e+03   2.7743985e-01
   1.4340000e+03   2.8161739e-01
   1.4350000e+03   2.8117297e-01
   1.4360000e+03   2.8069002e-01
   1.4370000e+03   2.8574948e-01
   1.4380000e+03   2.9149718e-01
   1.4390000e+03   2.9662547e-01
   1.4400000e+03   3.0868748e-01
   1.4410000e+03   3.2353557e-01
   1.4420000e+03   3.3215509e-01
   1.4430000e+03   3.3749243e-01
   1.4440000e+03   3.4580044e-01
   1.4450000e+03   3.5798938e-01
   1.4460000e+03   3.7174942e-01
   1.4470000e+03   3.8983209e-01
   1.4480000e+03   4.0380795e-01
   1.4490000e+03   4.1954539e-01
   1.4500000e+03   4.4011375e-01
   1.4510000e+03   4.6180581e-01
   1.4520000e+03   4.8392251e-01
   1.4530000e+03   5.1011938e-01
   1.4540000e+03   5.4520197e-01
   1.4550000e+03   5.8362263e-01
   1.4560000e+03   6.2343272e-01
   1.4570000e+03   6.7044312e-01
   1.4580000e+03   7.2592467e-01
   1.4590000e+03   7.8753023e-01
   1.4600000e+03   8.5731211e-01
   1.4610000e+03   9.4113796e-01
   1.4620000e+03   1.0395325e+00
   1.4630000e+03   1.1526583e+00
   1.4640000e+03   1.2861274e+00
   1.4650000e+03   1.4490673e+00
   1.4660000e+03   1.6457434e+00
   1.4670000e+03   1.8698800e+00
   1.4680000e+03   2.1088922e+00
   1.4690000e+03   2.3914479e+00
   1.4700000e+03   2.6986421e+00
   1.4710000e+03   3.0202025e+00
   1.4720000e+03   3.3899742e+00
   1.4730000e+03   3.7538366e+00
   1.4740000e+03   4.1087714e+00
   1.4750000e+03   4.4408124e+00
   1.4760000e+03   4.7425127e+00
   1.4770000e+03   5.0087653e+00
   1.4780000e+03   5.2400253e+00
   1.4790000e+03   5.4013049e+00
   1.4800000e+03   5.4989912e+00
   1.4810000e+03   5.5545337e+00
   1.4820000e+03   5.5505821e+00
   1.4830000e+03   5.4997392e+00
   1.4840000e+03   5.3989438e+00
   1.4850000e+03   5.2409852e+00
   1.4860000e+03   5.0777252e+00
   1.4870000e+03   4.8774702e+00
   1.4880000e+03   4.6298367e+00
   1.4890000e+03   4.3558162e+00
   1.4900000e+03   4.0590764e+00
   1.4910000e+03   3.7319154e+00
   1.4920000e+03   3.3964314e+00
   1.4930000e+03   3.0731264e+00
   1.4940000e+03   2.7431410e+00
   1.4950000e+03   2.4292179e+00
   1.4960000e+03   2.1498505e+00
   1.4970000e+03   1.8870078e+00
   1.4980000e+03   1.6472736e+00
   1.4990000e+03   1.4379377e+00
   1.5000000e+03   1.2697700e+00
   1.5010000e+03   1.1275874e+00
   1.5020000e+03   1.0060378e+00
   1.5030000e+03   8.9452935e-01
   1.5040000e+03   8.0629944e-01
   1.5050000e+03   7.3435616e-01
   1.5060000e+03   6.7529896e-01
   1.5070000e+03   6.2907629e-01
   1.5080000e+03   5.8854658e-01
   1.5090000e+03   5.5901561e-01
   1.5100000e+03   5.3550784e-01
   1.5110000e+03   5.1404288e-01
   1.5120000e+03   4.9567274e-01
   1.5130000e+03   4.8074375e-01
   1.5140000e+03   4.6898625e-01
   1.5150000e+03   4.6163790e-01
   1.5160000e+03   4.5891798e-01
   1.5170000e+03   4.5759676e-01
   1.5180000e+03   4.5768509e-01
   1.5190000e+03   4.6240409e-01
   1.5200000e+03   4.7008136e-01
   1.5210000e+03   4.7271121e-01
   1.5220000e+03   4.8285116e-01
   1.5230000e+03   4.9978672e-01
   1.5240000e+03   5.1777098e-01
   1.5250000e+03   5.3695087e-01
   1.5260000e+03   5.6053893e-01
   1.5270000e+03   5.8896437e-01
   1.5280000e+03   6.1772336e-01
   1.5290000e+03   6.4981624e-01
   1.5300000e+03   6.8089119e-01
   1.5310000e+03   7.1847722e-01
   1.5320000e+03   7.5568848e-01
   1.5330000e+03   7.8878547e-01
   1.5340000e+03   8.2111196e-01
   1.5350000e+03   8.4977323e-01
   1.5360000e+03   8.7513183e-01
   1.5370000e+03   8.9916063e-01
   1.5380000e+03   9.1943505e-01
   1.5390000e+03   9.2113843e-01
   1.5400000e+03   9.1207939e-01
   1.5410000e+03   8.9180424e-01
   1.5420000e+03   8.6578627e-01
   1.5430000e+03   8.3828674e-01
   1.5440000e+03   8.1465662e-01
   1.5450000e+03   7.7823773e-01
   1.5460000e+03   7.4558551e-01
   1.5470000e+03   7.1959370e-01
   1.5480000e+03   6.9468968e-01
   1.5490000e+03   6.8437124e-01
   1.5500000e+03   6.7858292e-01
   1.5510000e+03   6.7605136e-01
   1.5520000e+03   6.8534342e-01
   1.5530000e+03   7.0100557e-01
   1.5540000e+03   7.2845239e-01
   1.5550000e+03   7.6917468e-01
   1.5560000e+03   8.1811144e-01
   1.5570000e+03   8.6897281e-01
   1.5580000e+03   9.2208549e-01
   1.5590000e+03   9.8540077e-01
   1.5600000e+03   1.0658623e+00
   1.5610000e+03   1.1532290e+00
   1.5620000e+03   1.2408489e+00
   1.5630000e+03   1.3411391e+00
   1.5640000e+03   1.4427910e+00
   1.5650000e+03   1.5605864e+00
   1.5660000e+03   1.7003375e+00
   1.5670000e+03   1.8516867e+00
   1.5680000e+03   2.0145362e+00
   1.5690000e+03   2.1888819e+00
   1.5700000e+03   2.3838915e+00
   1.5710000e+03   2.5714804e+00
   1.5720000e+03   2.7557098e+00
   1.5730000e+03   2.9538431e+00
   1.5740000e+03   3.1240076e+00
   1.5750000e+03   3.2755443e+00
   1.5760000e+03   3.4033286e+00
   1.5770000e+03   3.4830104e+00
   1.5780000e+03   3.5321703e+00
   1.5790000e+03   3.5556802e+00
   1.5800000e+03   3.5372061e+00
   1.5810000e+03   3.4703546e+00
   1.5820000e+03   3.3883424e+00
   1.5830000e+03   3.2830641e+00
   1.5840000e+03   3.1559882e+00
   1.5850000e+03   3.0162439e+00
   1.5860000e+03   2.8697148e+00
   1.5870000e+03   2.7316553e+00
   1.5880000e+03   2.5950274e+00
   1.5890000e+03   2.4743821e+00
   1.5900000e+03   2.3756982e+00
   1.5910000e+03   2.3108550e+00
   1.5920000e+03   2.2651339e+00
   1.5930000e+03   2.2317881e+00
   1.5940000e+03   2.2280738e+00
   1.5950000e+03   2.2376699e+00
   1.5960000e+03   2.2614656e+00
   1.5970000e+03   2.2956428e+00
   1.5980000e+03   2.3407401e+00
   1.5990000e+03   2.3768883e+00
   1.6000000e+03   2.4094782e+00
   1.6010000e+03   2.4466791e+00
   1.6020000e+03   2.4443336e+00
   1.6030000e+03   2.4203993e+00
   1.6040000e+03   2.3969439e+00
   1.6050000e+03   2.3625494e+00
   1.6060000e+03   2.3231389e+00
   1.6070000e+03   2.2688938e+00
   1.6080000e+03   2.1873689e+00
   1.6090000e+03   2.1231975e+00
   1.6100000e+03   2.0560139e+00
   1.6110000e+03   1.9880626e+00
   1.6120000e+03   1.9065635e+00
   1.6130000e+03   1.8247286e+00
   1.6140000e+03   1.7434071e+00
   1.6150000e+03   1.6640479e+00
   1.6160000e+03   1.5844697e+00
   1.6170000e+03   1.5100123e+00
   1.6180000e+03   1.4405790e+00
   1.6190000e+03   1.3609726e+00
   1.6200000e+03   1.2721297e+00
   1.6210000e+03   1.1925788e+00
   1.6220000e+03   1.1239715e+00
   1.6230000e+03   1.0575465e+00
   1.6240000e+03   9.9611703e-01
   1.6250000e+03   9.3961804e-01
   1.6260000e+03   8.8804206e-01
   1.6270000e+03   8.4227246e-01
   1.6280000e+03   8.1122118e-01
   1.6290000e+03   7.8593195e-01
   1.6300000e+03   7.4363671e-01
   1.6310000e+03   7.2270784e-01
   1.6320000e+03   7.1315647e-01
   1.6330000e+03   6.9193356e-01
   1.6340000e+03   6.7028852e-01
   1.6350000e+03   6.5336060e-01
   1.6360000e+03   6.3421401e-01
   1.6370000e+03   6.2975468e-01
   1.6380000e+03   6.3038080e-01
   1.6390000e+03   6.3198022e-01
   1.6400000e+03   6.3132297e-01
   1.6410000e+03   6.2249491e-01
   1.6420000e+03   6.2085713e-01
   1.6430000e+03   6.2307931e-01
   1.6440000e+03   6.1220220e-01
   1.6450000e+03   6.0793388e-01
   1.6460000e+03   5.9851241e-01
   1.6470000e+03   5.9363410e-01
   1.6480000e+03   5.8652805e-01
   1.6490000e+03   5.7656060e-01
   1.6500000e+03   5.6581257e-01
   1.6510000e+03   5.5322853e-01
   1.6520000e+03   5.4511343e-01
   1.6530000e+03   5.3344836e-01
   1.6540000e+03   5.1826010e-01
   1.6550000e+03   5.1098145e-01
   1.6560000e+03   5.0378767e-01
   1.6570000e+03   4.9142727e-01
   1.6580000e+03   4.8355219e-01
   1.6590000e+03   4.8085680e-01
   1.6600000e+03   4.7429625e-01
   1.6610000e+03   4.6440743e-01
   1.6620000e+03   4.5638174e-01
   1.6630000e+03   4.5731446e-01
   1.6640000e+03   4.5886192e-01
   1.6650000e+03   4.5648905e-01
   1.6660000e+03   4.5484846e-01
   1.6670000e+03   4.5608671e-01
   1.6680000e+03   4.5974463e-01
   1.6690000e+03   4.6396462e-01
   1.6700000e+03   4.6556216e-01
   1.6710000e+03   4.6018068e-01
   1.6720000e+03   4.5537626e-01
   1.6730000e+03   4.5685857e-01
   1.6740000e+03   4.6188718e-01
   1.6750000e+03   4.6225400e-01
   1.6760000e+03   4.6632711e-01
   1.6770000e+03   4.7008977e-01
   1.6780000e+03   4.7368874e-01
   1.6790000e+03   4.7147121e-01
   1.6800000e+03   4.6270374e-01
   1.6810000e+03   4.5932129e-01
   1.6820000e+03   4.5865644e-01
   1.6830000e+03   4.6228769e-01
   1.6840000e+03   4.6158786e-01
   1.6850000e+03   4.5993131e-01
   1.6860000e+03   4.6231918e-01
   1.6870000e+03   4.5360813e-01
   1.6880000e+03   4.4666737e-01
   1.6890000e+03   4.4491381e-01
   1.6900000e+03   4.4171993e-01
   1.6910000e+03   4.3546705e-01
   1.6920000e+03   4.2882275e-01
   1.6930000e+03   4.1738143e-01
   1.6940000e+03   4.0757000e-01
   1.6950000e+03   3.9925888e-01
   1.6960000e+03   3.9096393e-01
   1.6970000e+03   3.8087048e-01
   1.6980000e+03   3.6618155e-01
   1.6990000e+03   3.4865177e-01
   1.7000000e+03   3.3426362e-01
   1.7010000e+03   3.2941116e-01
   1.7020000e+03   3.1465676e-01
   1.7030000e+03   2.9840691e-01
   1.7040000e+03   2.8734245e-01
   1.7050000e+03   2.8067739e-01
   1.7060000e+03   2.7738088e-01
   1.7070000e+03   2.7321944e-01
   1.7080000e+03   2.6796488e-01
   1.7090000e+03   2.6690990e-01
   1.7100000e+03   2.6580644e-01
   1.7110000e+03   2.6261450e-01
   1.7120000e+03   2.6397509e-01
   1.7130000e+03   2.6261776e-01
   1.7140000e+03   2.5814374e-01
   1.7150000e+03   2.5763384e-01
   1.7160000e+03   2.6285097e-01
   1.7170000e+03   2.7083287e-01
   1.7180000e+03   2.7772698e-01
   1.7190000e+03   2.8520214e-01
   1.7200000e+03   2.8372028e-01
   1.7210000e+03   2.8409349e-01
   1.7220000e+03   2.9014487e-01
   1.7230000e+03   2.8726047e-01
   1.7240000e+03   2.8537862e-01
   1.7250000e+03   2.8449162e-01
   1.7260000e+03   2.7654981e-01
   1.7270000e+03   2.6509388e-01
   1.7280000e+03   2.5163297e-01
   1.7290000e+03   2.4337225e-01
   1.7300000e+03   2.3804612e-01
   1.7310000e+03   2.2619054e-01
   1.7320000e+03   2.1146651e-01
   1.7330000e+03   2.0937636e-01
   1.7340000e+03   2.0307357e-01
   1.7350000e+03   1.9493901e-01
   1.7360000e+03   1.8448942e-01
   1.7370000e+03   1.7763172e-01
   1.7380000e+03   1.7322168e-01
   1.7390000e+03   1.6750067e-01
   1.7400000e+03   1.6042073e-01
   1.7410000e+03   1.5625269e-01
   1.7420000e+03   1.5051344e-01
   1.7430000e+03   1.4508741e-01
   1.7440000e+03   1.4097537e-01
   1.7450000e+03   1.3589855e-01
   1.7460000e+03   1.3129453e-01
   1.7470000e+03   1.2632517e-01
   1.7480000e+03   1.2097807e-01
   1.7490000e+03   1.1765648e-01
   1.7500000e+03   1.1353115e-01
   1.7510000e+03   1.1092415e-01
   1.7520000e+03   1.0863774e-01
   1.7530000e+03   1.0528063e-01
   1.7540000e+03   1.0108911e-01
   1.7550000e+03   9.5183921e-02
   1.7560000e+03   9.2250961e-02
   1.7570000e+03   8.7247980e-02
   1.7580000e+03   8.4506981e-02
   1.7590000e+03   7.8749051e-02
   1.7600000e+03   7.5216074e-02
   1.7610000e+03   7.3057479e-02
   1.7620000e+03   6.7876581e-02
   1.7630000e+03   6.6482140e-02
   1.7640000e+03   6.7699583e-02
   1.7650000e+03   6.3541390e-02
   1.7660000e+03   5.9158284e-02
   1.7670000e+03   5.8371300e-02
   1.7680000e+03   5.4467875e-02
   1.7690000e+03   5.0269463e-02
   1.7700000e+03   5.1414915e-02
   1.7710000e+03   5.3039915e-02
   1.7720000e+03   5.1498512e-02
   1.7730000e+03   4.8024546e-02
   1.7740000e+03   4.6124615e-02
   1.7750000e+03   4.2092873e-02
   1.7760000e+03   3.9840541e-02
   1.7770000e+03   4.0473612e-02
   1.7780000e+03   4.0975443e-02
   1.7790000e+03   4.2928999e-02
   1.7800000e+03   4.1003810e-02
   1.7810000e+03   3.6800615e-02
   1.7820000e+03   3.6422570e-02
   1.7830000e+03   3.4690922e-02
   1.7840000e+03   3.4515085e-02
   1.7850000e+03   3.2573341e-02
   1.7860000e+03   3.0234804e-02
   1.7870000e+03   2.9282771e-02
   1.7880000e+03   3.0416121e-02
   1.7890000e+03   3.2327812e-02
   1.7900000e+03   3.4149984e-02
   1.7910000e+03   3.1971515e-02
   1.7920000e+03   2.8836497e-02
   1.7930000e+03   2.6813703e-02
   1.7940000e+03   2.6592819e-02
   1.7950000e+03   3.0413168e-02
   1.7960000e+03   3.0452369e-02
   1.7970000e+03   2.7139964e-02
   1.7980000e+03   2.3855832e-02
   1.7990000e+03   2.3692029e-02
