   5.0100000e+02   1.8588388e-01
   5.0200000e+02   1.5403829e-01
   5.0300000e+02   1.4577538e-01
   5.0400000e+02   1.3733751e-01
   5.0500000e+02   1.3081233e-01
   5.0600000e+02   1.2727927e-01
   5.0700000e+02   1.2569015e-01
   5.0800000e+02   1.4277529e-01
   5.0900000e+02   1.3499526e-01
   5.1000000e+02   1.2391300e-01
   5.1100000e+02   1.3028768e-01
   5.1200000e+02   1.2430998e-01
   5.1300000e+02   1.1873742e-01
   5.1400000e+02   1.2184891e-01
   5.1500000e+02   1.1508218e-01
   5.1600000e+02   1.0089674e-01
   5.1700000e+02   7.4758469e-02
   5.1800000e+02   8.3824606e-02
   5.1900000e+02   8.3037878e-02
   5.2000000e+02   6.4721531e-02
   5.2100000e+02   4.8440620e-02
   5.2200000e+02   4.7627932e-02
   5.2300000e+02   5.8118377e-02
   5.2400000e+02   7.5470699e-02
   5.2500000e+02   7.7364910e-02
   5.2600000e+02   6.1695091e-02
   5.2700000e+02   4.8847411e-02
   5.2800000e+02   4.7865221e-02
   5.2900000e+02   5.7546445e-02
   5.3000000e+02   5.9553261e-02
   5.3100000e+02   7.4763907e-02
   5.3200000e+02   9.6043270e-02
   5.3300000e+02   1.1893141e-01
   5.3400000e+02   1.2511507e-01
   5.3500000e+02   1.3062264e-01
   5.3600000e+02   1.4671059e-01
   5.3700000e+02   1.6197282e-01
   5.3800000e+02   1.7936248e-01
   5.3900000e+02   1.8683182e-01
   5.4000000e+02   2.0003904e-01
   5.4100000e+02   2.1529573e-01
   5.4200000e+02   2.1188111e-01
   5.4300000e+02   2.3224364e-01
   5.4400000e+02   2.5528447e-01
   5.4500000e+02   2.7513192e-01
   5.4600000e+02   2.9479051e-01
   5.4700000e+02   3.0304133e-01
   5.4800000e+02   2.9710739e-01
   5.4900000e+02   2.9638651e-01
   5.5000000e+02   3.0062579e-01
   5.5100000e+02   3.1986713e-01
   5.5200000e+02   3.1780403e-01
   5.5300000e+02   3.1222339e-01
   5.5400000e+02   3.0946412e-01
   5.5500000e+02   3.1108634e-01
   5.5600000e+02   3.1643324e-01
   5.5700000e+02   3.2141064e-01
   5.5800000e+02   3.2298416e-01
   5.5900000e+02   3.2073036e-01
   5.6000000e+02   3.1371744e-01
   5.6100000e+02   3.1744566e-01
   5.6200000e+02   3.1723109e-01
   5.6300000e+02   3.1382223e-01
   5.6400000e+02   3.1018902e-01
   5.6500000e+02   2.9979741e-01
   5.6600000e+02   2.8753697e-01
   5.6700000e+02   3.0529933e-01
   5.6800000e+02   3.0719362e-01
   5.6900000e+02   2.9684285e-01
   5.7000000e+02   3.1667065e-01
   5.7100000e+02   3.3331268e-01
   5.7200000e+02   3.4724532e-01
   5.7300000e+02   3.6197112e-01
   5.7400000e+02   3.8162173e-01
   5.7500000e+02   3.9454918e-01
   5.7600000e+02   3.8607380e-01
   5.7700000e+02   3.9843418e-01
   5.7800000e+02   4.1361690e-01
   5.7900000e+02   4.2271760e-01
   5.8000000e+02   4.1179950e-01
   5.8100000e+02   4.0161218e-01
   5.8200000e+02   3.9219977e-01
   5.8300000e+02   3.8306106e-01
   5.8400000e+02   3.6696025e-01
   5.8500000e+02   3.3839336e-01
   5.8600000e+02   3.3032956e-01
   5.8700000e+02   3.1726549e-01
   5.8800000e+02   3.0019815e-01
   5.8900000e+02   2.7893043e-01
   5.9000000e+02   2.5369595e-01
   5.9100000e+02   2.2716344e-01
   5.9200000e+02   2.2811933e-01
   5.9300000e+02   2.2076652e-01
   5.9400000e+02   2.0062293e-01
   5.9500000e+02   1.9325493e-01
   5.9600000e+02   1.8965503e-01
   5.9700000e+02   1.8203813e-01
   5.9800000e+02   1.8464264e-01
   5.9900000e+02   1.7383407e-01
   6.0000000e+02   1.3457090e-01
   6.0100000e+02   1.0088322e-01
   6.0200000e+02   3.6881908e-02
   6.0300000e+02  -3.1225213e-02
   6.0400000e+02  -2.3722574e-02
   6.0500000e+02  -3.3945799e-02
   6.0600000e+02  -2.9354348e-02
   6.0700000e+02   1.6391536e-03
   6.0800000e+02  -1.1250551e-03
   6.0900000e+02   9.9659780e-03
   6.1000000e+02   3.1767596e-02
   6.1100000e+02   1.9901150e-02
   6.1200000e+02   8.9327607e-03
   6.1300000e+02   1.7734360e-02
   6.1400000e+02   1.9772230e-02
   6.1500000e+02   1.7676866e-02
   6.1600000e+02   2.1368332e-02
   6.1700000e+02   2.5687033e-02
   6.1800000e+02   2.6353340e-02
   6.1900000e+02   1.7146437e-02
   6.2000000e+02   2.7171154e-02
   6.2100000e+02   4.1673269e-02
   6.2200000e+02   4.0474407e-02
   6.2300000e+02   5.1768377e-02
   6.2400000e+02   6.0648549e-02
   6.2500000e+02   6.2640879e-02
   6.2600000e+02   7.7220493e-02
   6.2700000e+02   7.3280520e-02
   6.2800000e+02   6.5180836e-02
   6.2900000e+02   8.0533605e-02
   6.3000000e+02   9.1826235e-02
   6.3100000e+02   1.0512261e-01
   6.3200000e+02   1.2732410e-01
   6.3300000e+02   1.3028449e-01
   6.3400000e+02   1.2617415e-01
   6.3500000e+02   1.3692362e-01
   6.3600000e+02   1.4066956e-01
   6.3700000e+02   1.4554456e-01
   6.3800000e+02   1.5458080e-01
   6.3900000e+02   1.7746688e-01
   6.4000000e+02   1.9813271e-01
   6.4100000e+02   1.8614739e-01
   6.4200000e+02   2.0166324e-01
   6.4300000e+02   2.2281857e-01
   6.4400000e+02   2.4067973e-01
   6.4500000e+02   2.3526141e-01
   6.4600000e+02   2.2836537e-01
   6.4700000e+02   2.2478948e-01
   6.4800000e+02   2.2520908e-01
   6.4900000e+02   2.2060775e-01
   6.5000000e+02   2.1287669e-01
   6.5100000e+02   2.1441009e-01
   6.5200000e+02   2.1613023e-01
   6.5300000e+02   2.2792458e-01
   6.5400000e+02   2.3182625e-01
   6.5500000e+02   2.4290563e-01
   6.5600000e+02   2.5701304e-01
   6.5700000e+02   2.3724969e-01
   6.5800000e+02   2.2586941e-01
   6.5900000e+02   2.2738361e-01
   6.6000000e+02   2.6273638e-01
   6.6100000e+02   2.6473749e-01
   6.6200000e+02   2.5893916e-01
   6.6300000e+02   2.8428388e-01
   6.6400000e+02   2.9104276e-01
   6.6500000e+02   3.0239679e-01
   6.6600000e+02   3.2688834e-01
   6.6700000e+02   3.4015438e-01
   6.6800000e+02   3.4873392e-01
   6.6900000e+02   3.4082142e-01
   6.7000000e+02   3.3247466e-01
   6.7100000e+02   3.2199289e-01
   6.7200000e+02   3.0568600e-01
   6.7300000e+02   2.8851482e-01
   6.7400000e+02   2.6563465e-01
   6.7500000e+02   2.4082691e-01
   6.7600000e+02   2.2720576e-01
   6.7700000e+02   2.1674817e-01
   6.7800000e+02   2.0945878e-01
   6.7900000e+02   1.7702027e-01
   6.8000000e+02   1.6194979e-01
   6.8100000e+02   1.6957393e-01
   6.8200000e+02   1.7938536e-01
   6.8300000e+02   1.8048544e-01
   6.8400000e+02   1.7925082e-01
   6.8500000e+02   1.6391015e-01
   6.8600000e+02   1.6500903e-01
   6.8700000e+02   1.6890036e-01
   6.8800000e+02   1.5829715e-01
   6.8900000e+02   1.4528086e-01
   6.9000000e+02   1.3701046e-01
   6.9100000e+02   1.4401674e-01
   6.9200000e+02   1.3411718e-01
   6.9300000e+02   1.1647649e-01
   6.9400000e+02   1.0233902e-01
   6.9500000e+02   9.6611415e-02
   6.9600000e+02   9.0155262e-02
   6.9700000e+02   8.3008071e-02
   6.9800000e+02   6.5824182e-02
   6.9900000e+02   4.8232397e-02
   7.0000000e+02   2.8502416e-02
   7.0100000e+02   2.5486585e-02
   7.0200000e+02   2.3977216e-02
   7.0300000e+02   1.2309831e-02
   7.0400000e+02  -1.3791642e-06
   7.0500000e+02   1.1968304e-02
   7.0600000e+02   3.0122016e-02
   7.0700000e+02   1.3083897e-02
   7.0800000e+02   1.3086579e-02
   7.0900000e+02   1.8674300e-02
   7.1000000e+02   2.1859103e-02
   7.1100000e+02   2.7248824e-02
   7.1200000e+02   2.8751853e-02
   7.1300000e+02   2.3815796e-02
   7.1400000e+02   1.7211084e-02
   7.1500000e+02   1.7774945e-02
   7.1600000e+02   3.1327511e-02
   7.1700000e+02   3.3096528e-02
   7.1800000e+02   3.9216262e-02
   7.1900000e+02   4.2062539e-02
   7.2000000e+02   4.3573881e-02
   7.2100000e+02   4.5976280e-02
   7.2200000e+02   4.3027267e-02
   7.2300000e+02   3.5046843e-02
   7.2400000e+02   3.2013607e-02
   7.2500000e+02   2.6930158e-02
   7.2600000e+02   4.2748722e-02
   7.2700000e+02   6.1173459e-02
   7.2800000e+02   7.2856962e-02
   7.2900000e+02   5.5290395e-02
   7.3000000e+02   6.3510921e-02
   7.3100000e+02   8.1911880e-02
   7.3200000e+02   6.3784757e-02
   7.3300000e+02   6.2412101e-02
   7.3400000e+02   6.9927178e-02
   7.3500000e+02   7.4209202e-02
   7.3600000e+02   6.6106131e-02
   7.3700000e+02   5.5456449e-02
   7.3800000e+02   5.0780761e-02
   7.3900000e+02   4.8419281e-02
   7.4000000e+02   4.1338436e-02
   7.4100000e+02   3.1230074e-02
   7.4200000e+02   2.1452349e-02
   7.4300000e+02   2.0230931e-02
   7.4400000e+02   3.1118427e-02
   7.4500000e+02   2.2248814e-02
   7.4600000e+02   1.7421889e-02
   7.4700000e+02   1.6575410e-02
   7.4800000e+02   2.4766159e-02
   7.4900000e+02   2.9267296e-02
   7.5000000e+02   2.4646310e-02
   7.5100000e+02   1.1919257e-02
   7.5200000e+02   1.4089519e-02
   7.5300000e+02   1.4220287e-02
   7.5400000e+02   1.5229188e-02
   7.5500000e+02   2.1495170e-02
   7.5600000e+02   1.8782135e-02
   7.5700000e+02   1.3646692e-03
   7.5800000e+02   3.8300695e-03
   7.5900000e+02   1.2363650e-02
   7.6000000e+02   3.8086312e-02
   7.6100000e+02   3.1751569e-03
   7.6200000e+02  -1.7906019e-02
   7.6300000e+02  -8.3264592e-03
   7.6400000e+02  -1.1400414e-03
   7.6500000e+02  -3.1484809e-03
   7.6600000e+02  -8.9225891e-03
   7.6700000e+02   1.3218054e-02
   7.6800000e+02   1.8039335e-02
   7.6900000e+02   1.5501858e-02
   7.7000000e+02   1.1050070e-02
   7.7100000e+02   1.0609167e-02
   7.7200000e+02   1.6304400e-02
   7.7300000e+02   2.3751737e-02
   7.7400000e+02   3.4964834e-02
   7.7500000e+02   4.5945134e-02
   7.7600000e+02   4.9374735e-02
   7.7700000e+02   6.8671024e-02
   7.7800000e+02   9.4274114e-02
   7.7900000e+02   1.2108945e-01
   7.8000000e+02   1.3377576e-01
   7.8100000e+02   1.4254372e-01
   7.8200000e+02   1.3516506e-01
   7.8300000e+02   1.3613060e-01
   7.8400000e+02   1.3411335e-01
   7.8500000e+02   1.2243824e-01
   7.8600000e+02   1.2620370e-01
   7.8700000e+02   1.2014174e-01
   7.8800000e+02   9.6575087e-02
   7.8900000e+02   8.8053872e-02
   7.9000000e+02   8.4776725e-02
   7.9100000e+02   7.9235932e-02
   7.9200000e+02   8.3875436e-02
   7.9300000e+02   9.2041265e-02
   7.9400000e+02   9.4021563e-02
   7.9500000e+02   8.7838782e-02
   7.9600000e+02   1.0863085e-01
   7.9700000e+02   1.2501836e-01
   7.9800000e+02   1.2359814e-01
   7.9900000e+02   1.2462447e-01
   8.0000000e+02   1.2367101e-01
   8.0100000e+02   1.2856932e-01
   8.0200000e+02   1.2914676e-01
   8.0300000e+02   1.2464416e-01
   8.0400000e+02   1.2173657e-01
   8.0500000e+02   1.2806816e-01
   8.0600000e+02   1.2453076e-01
   8.0700000e+02   1.1670308e-01
   8.0800000e+02   1.2223562e-01
   8.0900000e+02   1.1325088e-01
   8.1000000e+02   1.0088921e-01
   8.1100000e+02   1.1588728e-01
   8.1200000e+02   1.0022463e-01
   8.1300000e+02   8.3738724e-02
   8.1400000e+02   9.4160855e-02
   8.1500000e+02   9.2470062e-02
   8.1600000e+02   8.4821157e-02
   8.1700000e+02   8.3939441e-02
   8.1800000e+02   8.6291828e-02
   8.1900000e+02   7.5892821e-02
   8.2000000e+02   6.0903670e-02
   8.2100000e+02   5.0203783e-02
   8.2200000e+02   5.1409880e-02
   8.2300000e+02   6.3579721e-02
   8.2400000e+02   4.0767431e-02
   8.2500000e+02   4.2521310e-02
   8.2600000e+02   5.2084150e-02
   8.2700000e+02   4.9298556e-02
   8.2800000e+02   4.8428369e-02
   8.2900000e+02   4.3299488e-02
   8.3000000e+02   2.8240672e-02
   8.3100000e+02   2.9877976e-02
   8.3200000e+02   3.4368977e-02
   8.3300000e+02   3.5700299e-02
   8.3400000e+02   2.2319461e-02
   8.3500000e+02   8.0669423e-03
   8.3600000e+02   6.1134587e-03
   8.3700000e+02   2.4460333e-02
   8.3800000e+02   4.1911381e-02
   8.3900000e+02   5.6918976e-02
   8.4000000e+02   4.3413266e-02
   8.4100000e+02   4.6955500e-02
   8.4200000e+02   5.6200322e-02
   8.4300000e+02   6.0504413e-02
   8.4400000e+02   6.5761709e-02
   8.4500000e+02   6.6766341e-02
   8.4600000e+02   7.3070536e-02
   8.4700000e+02   8.5807852e-02
   8.4800000e+02   8.8810346e-02
   8.4900000e+02   8.4044021e-02
   8.5000000e+02   9.0333437e-02
   8.5100000e+02   8.8012490e-02
   8.5200000e+02   7.2514232e-02
   8.5300000e+02   8.3774338e-02
   8.5400000e+02   9.4877609e-02
   8.5500000e+02   9.7109926e-02
   8.5600000e+02   8.7539133e-02
   8.5700000e+02   9.0612955e-02
   8.5800000e+02   1.0106893e-01
   8.5900000e+02   1.0419979e-01
   8.6000000e+02   1.1576482e-01
   8.6100000e+02   1.2759010e-01
   8.6200000e+02   1.2638862e-01
   8.6300000e+02   1.3656270e-01
   8.6400000e+02   1.4512575e-01
   8.6500000e+02   1.4517164e-01
   8.6600000e+02   1.5760201e-01
   8.6700000e+02   1.6931223e-01
   8.6800000e+02   1.8098053e-01
   8.6900000e+02   1.7853543e-01
   8.7000000e+02   1.8296084e-01
   8.7100000e+02   1.9423958e-01
   8.7200000e+02   2.0607018e-01
   8.7300000e+02   2.0300696e-01
   8.7400000e+02   1.9310601e-01
   8.7500000e+02   1.9267159e-01
   8.7600000e+02   2.0787665e-01
   8.7700000e+02   2.1788072e-01
   8.7800000e+02   2.1693606e-01
   8.7900000e+02   2.1047646e-01
   8.8000000e+02   2.0290364e-01
   8.8100000e+02   2.0089777e-01
   8.8200000e+02   2.0975680e-01
   8.8300000e+02   2.1764783e-01
   8.8400000e+02   2.2187067e-01
   8.8500000e+02   2.3281335e-01
   8.8600000e+02   2.4447417e-01
   8.8700000e+02   2.5437842e-01
   8.8800000e+02   2.5755760e-01
   8.8900000e+02   2.6270129e-01
   8.9000000e+02   2.6402015e-01
   8.9100000e+02   2.6010165e-01
   8.9200000e+02   2.5610275e-01
   8.9300000e+02   2.4743506e-01
   8.9400000e+02   2.3136951e-01
   8.9500000e+02   2.2552154e-01
   8.9600000e+02   2.2155636e-01
   8.9700000e+02   2.0955870e-01
   8.9800000e+02   2.0365346e-01
   8.9900000e+02   1.8836496e-01
   9.0000000e+02   1.6953494e-01
   9.0100000e+02   1.7044299e-01
   9.0200000e+02   1.6436170e-01
   9.0300000e+02   1.5498300e-01
   9.0400000e+02   1.5030684e-01
   9.0500000e+02   1.4269582e-01
   9.0600000e+02   1.3089970e-01
   9.0700000e+02   1.0981085e-01
   9.0800000e+02   9.9243981e-02
   9.0900000e+02   9.5890542e-02
   9.1000000e+02   9.5310985e-02
   9.1100000e+02   8.1569406e-02
   9.1200000e+02   6.3007197e-02
   9.1300000e+02   4.6265393e-02
   9.1400000e+02   3.9543834e-02
   9.1500000e+02   3.4345101e-02
   9.1600000e+02   3.2630654e-02
   9.1700000e+02   3.3141115e-02
   9.1800000e+02   2.4543708e-02
   9.1900000e+02   1.3376624e-02
   9.2000000e+02   1.5210887e-02
   9.2100000e+02   1.3160420e-02
   9.2200000e+02   7.1794591e-03
   9.2300000e+02   5.0408652e-03
   9.2400000e+02   8.9835036e-03
   9.2500000e+02   1.3321739e-02
   9.2600000e+02   2.1623230e-02
   9.2700000e+02   1.2299466e-02
   9.2800000e+02   1.0598850e-02
   9.2900000e+02   2.3519604e-02
   9.3000000e+02   1.9319670e-02
   9.3100000e+02   1.4275824e-02
   9.3200000e+02   1.2230379e-02
   9.3300000e+02   1.8514118e-02
   9.3400000e+02   2.3477765e-02
   9.3500000e+02   2.2466818e-02
   9.3600000e+02   2.8129607e-02
   9.3700000e+02   2.7277393e-02
   9.3800000e+02   2.7786075e-02
   9.3900000e+02   3.5760757e-02
   9.4000000e+02   3.8205889e-02
   9.4100000e+02   3.8423501e-02
   9.4200000e+02   4.0351825e-02
   9.4300000e+02   3.3886413e-02
   9.4400000e+02   3.0293468e-02
   9.4500000e+02   3.4679616e-02
   9.4600000e+02   4.5795630e-02
   9.4700000e+02   5.4676740e-02
   9.4800000e+02   5.9866715e-02
   9.4900000e+02   5.5052306e-02
   9.5000000e+02   5.2951480e-02
   9.5100000e+02   5.2282947e-02
   9.5200000e+02   4.9107591e-02
   9.5300000e+02   5.3654440e-02
   9.5400000e+02   5.7482904e-02
   9.5500000e+02   6.0070594e-02
   9.5600000e+02   5.7619800e-02
   9.5700000e+02   4.7540178e-02
   9.5800000e+02   3.6982925e-02
   9.5900000e+02   4.8952379e-02
   9.6000000e+02   5.6102362e-02
   9.6100000e+02   6.1133870e-02
   9.6200000e+02   5.7313186e-02
   9.6300000e+02   5.5265094e-02
   9.6400000e+02   5.7450425e-02
   9.6500000e+02   6.1245834e-02
   9.6600000e+02   6.2381955e-02
   9.6700000e+02   6.1708014e-02
   9.6800000e+02   6.3340659e-02
   9.6900000e+02   7.1138060e-02
   9.7000000e+02   6.9497756e-02
   9.7100000e+02   6.2498079e-02
   9.7200000e+02   5.8551842e-02
   9.7300000e+02   6.7503957e-02
   9.7400000e+02   7.5318314e-02
   9.7500000e+02   6.5844356e-02
   9.7600000e+02   5.7667432e-02
   9.7700000e+02   5.8138100e-02
   9.7800000e+02   6.5255283e-02
   9.7900000e+02   6.6491241e-02
   9.8000000e+02   7.0177671e-02
   9.8100000e+02   7.1235844e-02
   9.8200000e+02   7.4934782e-02
   9.8300000e+02   7.5431002e-02
   9.8400000e+02   7.1674377e-02
   9.8500000e+02   8.2065303e-02
   9.8600000e+02   8.3542739e-02
   9.8700000e+02   8.1768776e-02
   9.8800000e+02   8.4718946e-02
   9.8900000e+02   8.6792585e-02
   9.9000000e+02   8.5563522e-02
   9.9100000e+02   8.6981786e-02
   9.9200000e+02   9.1494262e-02
   9.9300000e+02   9.4090454e-02
   9.9400000e+02   9.7238062e-02
   9.9500000e+02   1.0050579e-01
   9.9600000e+02   9.8201673e-02
   9.9700000e+02   9.5575893e-02
   9.9800000e+02   9.8020707e-02
   9.9900000e+02   1.1023228e-01
   1.0000000e+03   1.1997007e-01
   1.0010000e+03   1.2426446e-01
   1.0020000e+03   1.2330783e-01
   1.0030000e+03   1.2448511e-01
   1.0040000e+03   1.4068526e-01
   1.0050000e+03   1.4993785e-01
   1.0060000e+03   1.6205076e-01
   1.0070000e+03   1.8085142e-01
   1.0080000e+03   2.0350704e-01
   1.0090000e+03   2.2120147e-01
   1.0100000e+03   2.3319525e-01
   1.0110000e+03   2.5835831e-01
   1.0120000e+03   2.8049743e-01
   1.0130000e+03   3.0147278e-01
   1.0140000e+03   3.2292591e-01
   1.0150000e+03   3.4804256e-01
   1.0160000e+03   3.7376877e-01
   1.0170000e+03   3.9416563e-01
   1.0180000e+03   4.1549577e-01
   1.0190000e+03   4.2985798e-01
   1.0200000e+03   4.3337660e-01
   1.0210000e+03   4.3834425e-01
   1.0220000e+03   4.4588507e-01
   1.0230000e+03   4.5263613e-01
   1.0240000e+03   4.4779998e-01
   1.0250000e+03   4.2749112e-01
   1.0260000e+03   4.0394032e-01
   1.0270000e+03   3.9559719e-01
   1.0280000e+03   3.9214963e-01
   1.0290000e+03   3.7730595e-01
   1.0300000e+03   3.4719087e-01
   1.0310000e+03   3.3334223e-01
   1.0320000e+03   3.1995277e-01
   1.0330000e+03   3.0682292e-01
   1.0340000e+03   3.0370985e-01
   1.0350000e+03   2.9836964e-01
   1.0360000e+03   2.9214997e-01
   1.0370000e+03   2.8338744e-01
   1.0380000e+03   2.7392136e-01
   1.0390000e+03   2.6570546e-01
   1.0400000e+03   2.5759529e-01
   1.0410000e+03   2.5038335e-01
   1.0420000e+03   2.4668458e-01
   1.0430000e+03   2.4691148e-01
   1.0440000e+03   2.4729810e-01
   1.0450000e+03   2.4015993e-01
   1.0460000e+03   2.2601407e-01
   1.0470000e+03   2.2793880e-01
   1.0480000e+03   2.2219486e-01
   1.0490000e+03   2.1305553e-01
   1.0500000e+03   2.1444642e-01
   1.0510000e+03   2.1690397e-01
   1.0520000e+03   2.1641193e-01
   1.0530000e+03   2.0337996e-01
   1.0540000e+03   2.0141746e-01
   1.0550000e+03   2.0007930e-01
   1.0560000e+03   2.0334605e-01
   1.0570000e+03   2.0093978e-01
   1.0580000e+03   1.9486217e-01
   1.0590000e+03   1.9295617e-01
   1.0600000e+03   1.9977260e-01
   1.0610000e+03   2.1065572e-01
   1.0620000e+03   2.1882911e-01
   1.0630000e+03   2.1616267e-01
   1.0640000e+03   2.1992942e-01
   1.0650000e+03   2.2308613e-01
   1.0660000e+03   2.2975478e-01
   1.0670000e+03   2.2651549e-01
   1.0680000e+03   2.3241268e-01
   1.0690000e+03   2.4700949e-01
   1.0700000e+03   2.5771701e-01
   1.0710000e+03   2.5828279e-01
   1.0720000e+03   2.5358773e-01
   1.0730000e+03   2.5040821e-01
   1.0740000e+03   2.5990446e-01
   1.0750000e+03   2.7218653e-01
   1.0760000e+03   2.7414267e-01
   1.0770000e+03   2.7998102e-01
   1.0780000e+03   2.8489128e-01
   1.0790000e+03   2.8320717e-01
   1.0800000e+03   2.9093141e-01
   1.0810000e+03   2.8975603e-01
   1.0820000e+03   2.8269467e-01
   1.0830000e+03   2.9388233e-01
   1.0840000e+03   2.9326469e-01
   1.0850000e+03   2.8422167e-01
   1.0860000e+03   2.9043971e-01
   1.0870000e+03   2.9152314e-01
   1.0880000e+03   2.9615989e-01
   1.0890000e+03   3.1302853e-01
   1.0900000e+03   3.1604062e-01
   1.0910000e+03   3.1668266e-01
   1.0920000e+03   3.1715910e-01
   1.0930000e+03   3.2167602e-01
   1.0940000e+03   3.2563398e-01
   1.0950000e+03   3.2854619e-01
   1.0960000e+03   3.2928517e-01
   1.0970000e+03   3.3313499e-01
   1.0980000e+03   3.3913749e-01
   1.0990000e+03   3.4151576e-01
   1.1000000e+03   3.4255070e-01
   1.1010000e+03   3.4890314e-01
   1.1020000e+03   3.6134700e-01
   1.1030000e+03   3.6485539e-01
   1.1040000e+03   3.6180794e-01
   1.1050000e+03   3.5481088e-01
   1.1060000e+03   3.5561001e-01
   1.1070000e+03   3.5960505e-01
   1.1080000e+03   3.5903731e-01
   1.1090000e+03   3.5306216e-01
   1.1100000e+03   3.5654902e-01
   1.1110000e+03   3.5555541e-01
   1.1120000e+03   3.4002492e-01
   1.1130000e+03   3.4210085e-01
   1.1140000e+03   3.4195136e-01
   1.1150000e+03   3.3968845e-01
   1.1160000e+03   3.3181330e-01
   1.1170000e+03   3.2984093e-01
   1.1180000e+03   3.3320981e-01
   1.1190000e+03   3.2639514e-01
   1.1200000e+03   3.1215899e-01
   1.1210000e+03   2.9920082e-01
   1.1220000e+03   2.8875436e-01
   1.1230000e+03   2.8938821e-01
   1.1240000e+03   2.7995657e-01
   1.1250000e+03   2.6988073e-01
   1.1260000e+03   2.5906366e-01
   1.1270000e+03   2.4091675e-01
   1.1280000e+03   2.3040760e-01
   1.1290000e+03   2.2277053e-01
   1.1300000e+03   2.1800590e-01
   1.1310000e+03   2.1423768e-01
   1.1320000e+03   2.0363923e-01
   1.1330000e+03   1.9750093e-01
   1.1340000e+03   1.9075476e-01
   1.1350000e+03   1.7907433e-01
   1.1360000e+03   1.7477286e-01
   1.1370000e+03   1.6931032e-01
   1.1380000e+03   1.6112182e-01
   1.1390000e+03   1.5302728e-01
   1.1400000e+03   1.4730198e-01
   1.1410000e+03   1.4235351e-01
   1.1420000e+03   1.3191637e-01
   1.1430000e+03   1.3550106e-01
   1.1440000e+03   1.3312843e-01
   1.1450000e+03   1.1482117e-01
   1.1460000e+03   1.1042536e-01
   1.1470000e+03   1.0256567e-01
   1.1480000e+03   9.4169842e-02
   1.1490000e+03   1.0073752e-01
   1.1500000e+03   9.9760945e-02
   1.1510000e+03   9.9221559e-02
   1.1520000e+03   9.2941865e-02
   1.1530000e+03   9.0295933e-02
   1.1540000e+03   9.3726171e-02
   1.1550000e+03   9.6872952e-02
   1.1560000e+03   8.9905588e-02
   1.1570000e+03   9.0408703e-02
   1.1580000e+03   9.3922943e-02
   1.1590000e+03   9.9855217e-02
   1.1600000e+03   1.1155982e-01
   1.1610000e+03   1.2092742e-01
   1.1620000e+03   1.2016843e-01
   1.1630000e+03   1.2862866e-01
   1.1640000e+03   1.3755722e-01
   1.1650000e+03   1.4505985e-01
   1.1660000e+03   1.5622890e-01
   1.1670000e+03   1.7360786e-01
   1.1680000e+03   1.9508456e-01
   1.1690000e+03   2.1163865e-01
   1.1700000e+03   2.2498871e-01
   1.1710000e+03   2.3948531e-01
   1.1720000e+03   2.5219863e-01
   1.1730000e+03   2.6461350e-01
   1.1740000e+03   2.7818752e-01
   1.1750000e+03   2.9071197e-01
   1.1760000e+03   2.8934825e-01
   1.1770000e+03   2.9256080e-01
   1.1780000e+03   2.9706700e-01
   1.1790000e+03   2.8805446e-01
   1.1800000e+03   2.8029169e-01
   1.1810000e+03   2.6586649e-01
   1.1820000e+03   2.4566290e-01
   1.1830000e+03   2.2498193e-01
   1.1840000e+03   2.0568561e-01
   1.1850000e+03   1.9175847e-01
   1.1860000e+03   1.8944812e-01
   1.1870000e+03   1.8582512e-01
   1.1880000e+03   1.7898231e-01
   1.1890000e+03   1.7056120e-01
   1.1900000e+03   1.5975997e-01
   1.1910000e+03   1.4869879e-01
   1.1920000e+03   1.4508372e-01
   1.1930000e+03   1.4707408e-01
   1.1940000e+03   1.4930197e-01
   1.1950000e+03   1.6074636e-01
   1.1960000e+03   1.6227240e-01
   1.1970000e+03   1.6363602e-01
   1.1980000e+03   1.6826721e-01
   1.1990000e+03   1.6847352e-01
   1.2000000e+03   1.6993157e-01
   1.2010000e+03   1.7041229e-01
   1.2020000e+03   1.7087659e-01
   1.2030000e+03   1.7470997e-01
   1.2040000e+03   1.7326548e-01
   1.2050000e+03   1.7313334e-01
   1.2060000e+03   1.7329482e-01
   1.2070000e+03   1.6904812e-01
   1.2080000e+03   1.6807418e-01
   1.2090000e+03   1.7071545e-01
   1.2100000e+03   1.6048345e-01
   1.2110000e+03   1.5028399e-01
   1.2120000e+03   1.3457329e-01
   1.2130000e+03   1.4242926e-01
   1.2140000e+03   1.5006327e-01
   1.2150000e+03   1.4295768e-01
   1.2160000e+03   1.3688056e-01
   1.2170000e+03   1.2758314e-01
   1.2180000e+03   1.1576439e-01
   1.2190000e+03   1.1997779e-01
   1.2200000e+03   1.2137182e-01
   1.2210000e+03   1.2049692e-01
   1.2220000e+03   1.1984152e-01
   1.2230000e+03   1.1481270e-01
   1.2240000e+03   1.1677375e-01
   1.2250000e+03   1.2995766e-01
   1.2260000e+03   1.3141199e-01
   1.2270000e+03   1.3288519e-01
   1.2280000e+03   1.3420292e-01
   1.2290000e+03   1.3978097e-01
   1.2300000e+03   1.4514210e-01
   1.2310000e+03   1.4877467e-01
   1.2320000e+03   1.5341831e-01
   1.2330000e+03   1.5231625e-01
   1.2340000e+03   1.5632073e-01
   1.2350000e+03   1.6674677e-01
   1.2360000e+03   1.6683984e-01
   1.2370000e+03   1.6515471e-01
   1.2380000e+03   1.6091932e-01
   1.2390000e+03   1.4661423e-01
   1.2400000e+03   1.4834908e-01
   1.2410000e+03   1.4814290e-01
   1.2420000e+03   1.3035203e-01
   1.2430000e+03   1.3596296e-01
   1.2440000e+03   1.3563207e-01
   1.2450000e+03   1.2907295e-01
   1.2460000e+03   1.2804581e-01
   1.2470000e+03   1.2855870e-01
   1.2480000e+03   1.2499866e-01
   1.2490000e+03   1.1192014e-01
   1.2500000e+03   1.1474754e-01
   1.2510000e+03   1.1619624e-01
   1.2520000e+03   1.1541741e-01
   1.2530000e+03   1.1561283e-01
   1.2540000e+03   1.1617206e-01
   1.2550000e+03   1.1136831e-01
   1.2560000e+03   1.1503898e-01
   1.2570000e+03   1.1995937e-01
   1.2580000e+03   1.2232785e-01
   1.2590000e+03   1.2505139e-01
   1.2600000e+03   1.1752866e-01
   1.2610000e+03   1.1284742e-01
   1.2620000e+03   1.1495158e-01
   1.2630000e+03   1.2906200e-01
   1.2640000e+03   1.3487612e-01
   1.2650000e+03   1.2752321e-01
   1.2660000e+03   1.1625061e-01
   1.2670000e+03   1.1979628e-01
   1.2680000e+03   1.2557417e-01
   1.2690000e+03   1.3396492e-01
   1.2700000e+03   1.3007885e-01
   1.2710000e+03   1.2850688e-01
   1.2720000e+03   1.3233151e-01
   1.2730000e+03   1.3900979e-01
   1.2740000e+03   1.4885554e-01
   1.2750000e+03   1.5129324e-01
   1.2760000e+03   1.3863193e-01
   1.2770000e+03   1.3950804e-01
   1.2780000e+03   1.4881213e-01
   1.2790000e+03   1.7057340e-01
   1.2800000e+03   1.5921926e-01
   1.2810000e+03   1.6114244e-01
   1.2820000e+03   1.8037829e-01
   1.2830000e+03   1.8664854e-01
   1.2840000e+03   1.9828863e-01
   1.2850000e+03   2.1093357e-01
   1.2860000e+03   2.2199340e-01
   1.2870000e+03   2.2606210e-01
   1.2880000e+03   2.3764081e-01
   1.2890000e+03   2.5880897e-01
   1.2900000e+03   2.7373600e-01
   1.2910000e+03   2.9077170e-01
   1.2920000e+03   3.1059326e-01
   1.2930000e+03   3.2575834e-01
   1.2940000e+03   3.5483365e-01
   1.2950000e+03   3.8795861e-01
   1.2960000e+03   4.2055699e-01
   1.2970000e+03   4.5243071e-01
   1.2980000e+03   4.8488218e-01
   1.2990000e+03   5.1784043e-01
   1.3000000e+03   5.7441451e-01
   1.3010000e+03   6.3053611e-01
   1.3020000e+03   6.9073738e-01
   1.3030000e+03   7.6090798e-01
   1.3040000e+03   8.5370147e-01
   1.3050000e+03   9.5377511e-01
   1.3060000e+03   1.0568126e+00
   1.3070000e+03   1.1929149e+00
   1.3080000e+03   1.3450407e+00
   1.3090000e+03   1.5123866e+00
   1.3100000e+03   1.6989523e+00
   1.3110000e+03   1.8949496e+00
   1.3120000e+03   2.0949291e+00
   1.3130000e+03   2.3064439e+00
   1.3140000e+03   2.5000378e+00
   1.3150000e+03   2.6868266e+00
   1.3160000e+03   2.8776399e+00
   1.3170000e+03   3.0204935e+00
   1.3180000e+03   3.1440418e+00
   1.3190000e+03   3.2500714e+00
   1.3200000e+03   3.3299519e+00
   1.3210000e+03   3.3669882e+00
   1.3220000e+03   3.3729747e+00
   1.3230000e+03   3.3524565e+00
   1.3240000e+03   3.2990494e+00
   1.3250000e+03   3.2203793e+00
   1.3260000e+03   3.1241119e+00
   1.3270000e+03   3.0270114e+00
   1.3280000e+03   2.9174877e+00
   1.3290000e+03   2.7995865e+00
   1.3300000e+03   2.6950416e+00
   1.3310000e+03   2.5864196e+00
   1.3320000e+03   2.4781020e+00
   1.3330000e+03   2.3705633e+00
   1.3340000e+03   2.2573219e+00
   1.3350000e+03   2.1588979e+00
   1.3360000e+03   2.0756395e+00
   1.3370000e+03   1.9871695e+00
   1.3380000e+03   1.8864449e+00
   1.3390000e+03   1.7985690e+00
   1.3400000e+03   1.7215155e+00
   1.3410000e+03   1.6818696e+00
   1.3420000e+03   1.6337651e+00
   1.3430000e+03   1.5833275e+00
   1.3440000e+03   1.5536412e+00
   1.3450000e+03   1.5409417e+00
   1.3460000e+03   1.5399534e+00
   1.3470000e+03   1.5500066e+00
   1.3480000e+03   1.5833220e+00
   1.3490000e+03   1.6162146e+00
   1.3500000e+03   1.6464403e+00
   1.3510000e+03   1.6967653e+00
   1.3520000e+03   1.7545115e+00
   1.3530000e+03   1.8112510e+00
   1.3540000e+03   1.8577139e+00
   1.3550000e+03   1.9036873e+00
   1.3560000e+03   1.9555200e+00
   1.3570000e+03   2.0128027e+00
   1.3580000e+03   2.0569940e+00
   1.3590000e+03   2.0842972e+00
   1.3600000e+03   2.0988362e+00
   1.3610000e+03   2.1027445e+00
   1.3620000e+03   2.0875522e+00
   1.3630000e+03   2.0629762e+00
   1.3640000e+03   2.0303152e+00
   1.3650000e+03   1.9802410e+00
   1.3660000e+03   1.9333438e+00
   1.3670000e+03   1.8867365e+00
   1.3680000e+03   1.8174956e+00
   1.3690000e+03   1.7369506e+00
   1.3700000e+03   1.6465368e+00
   1.3710000e+03   1.5540869e+00
   1.3720000e+03   1.4823650e+00
   1.3730000e+03   1.4086089e+00
   1.3740000e+03   1.3304294e+00
   1.3750000e+03   1.2415702e+00
   1.3760000e+03   1.1644164e+00
   1.3770000e+03   1.0945632e+00
   1.3780000e+03   1.0220003e+00
   1.3790000e+03   9.5514256e-01
   1.3800000e+03   8.9772295e-01
   1.3810000e+03   8.4742834e-01
   1.3820000e+03   7.9218293e-01
   1.3830000e+03   7.4441054e-01
   1.3840000e+03   7.0339458e-01
   1.3850000e+03   6.7321731e-01
   1.3860000e+03   6.4385354e-01
   1.3870000e+03   6.1670989e-01
   1.3880000e+03   5.9947385e-01
   1.3890000e+03   5.7344504e-01
   1.3900000e+03   5.4816426e-01
   1.3910000e+03   5.3064040e-01
   1.3920000e+03   5.2550068e-01
   1.3930000e+03   5.1165061e-01
   1.3940000e+03   4.9727041e-01
   1.3950000e+03   4.9850461e-01
   1.3960000e+03   4.9944713e-01
   1.3970000e+03   5.0183488e-01
   1.3980000e+03   5.1029918e-01
   1.3990000e+03   5.1472681e-01
   1.4000000e+03   5.2311972e-01
   1.4010000e+03   5.3470942e-01
   1.4020000e+03   5.3871762e-01
   1.4030000e+03   5.4622703e-01
   1.4040000e+03   5.5972675e-01
   1.4050000e+03   5.7318712e-01
   1.4060000e+03   5.9919667e-01
   1.4070000e+03   6.1549744e-01
   1.4080000e+03   6.2116465e-01
   1.4090000e+03   6.2828479e-01
   1.4100000e+03   6.3662926e-01
   1.4110000e+03   6.4012783e-01
   1.4120000e+03   6.2759305e-01
   1.4130000e+03   6.2212444e-01
   1.4140000e+03   6.0653517e-01
   1.4150000e+03   5.8093872e-01
   1.4160000e+03   5.6217327e-01
   1.4170000e+03   5.3878754e-01
   1.4180000e+03   5.1080480e-01
   1.4190000e+03   4.8579529e-01
   1.4200000e+03   4.6941050e-01
   1.4210000e+03   4.5362325e-01
   1.4220000e+03   4.3348214e-01
   1.4230000e+03   4.2309502e-01
   1.4240000e+03   4.1479093e-01
   1.4250000e+03   4.0358600e-01
   1.4260000e+03   3.8955184e-01
   1.4270000e+03   3.8276016e-01
   1.4280000e+03   3.7954034e-01
   1.4290000e+03   3.8545545e-01
   1.4300000e+03   3.8628177e-01
   1.4310000e+03   3.8561850e-01
   1.4320000e+03   3.8605517e-01
   1.4330000e+03   3.8849810e-01
   1.4340000e+03   3.8855179e-01
   1.4350000e+03   3.9252656e-01
   1.4360000e+03   4.0056468e-01
   1.4370000e+03   4.0457328e-01
   1.4380000e+03   4.0877171e-01
   1.4390000e+03   4.1347847e-01
   1.4400000e+03   4.0676960e-01
   1.4410000e+03   4.1737218e-01
   1.4420000e+03   4.3794325e-01
   1.4430000e+03   4.6221483e-01
   1.4440000e+03   4.7614022e-01
   1.4450000e+03   4.9340212e-01
   1.4460000e+03   5.1468701e-01
   1.4470000e+03   5.2781485e-01
   1.4480000e+03   5.5801777e-01
   1.4490000e+03   5.9562167e-01
   1.4500000e+03   6.2884705e-01
   1.4510000e+03   6.6448548e-01
   1.4520000e+03   7.1202534e-01
   1.4530000e+03   7.6463946e-01
   1.4540000e+03   8.0407445e-01
   1.4550000e+03   8.6645674e-01
   1.4560000e+03   9.4142453e-01
   1.4570000e+03   1.0151794e+00
   1.4580000e+03   1.1076657e+00
   1.4590000e+03   1.2093668e+00
   1.4600000e+03   1.3185032e+00
   1.4610000e+03   1.4516403e+00
   1.4620000e+03   1.5929514e+00
   1.4630000e+03   1.7516977e+00
   1.4640000e+03   1.9475990e+00
   1.4650000e+03   2.1651326e+00
   1.4660000e+03   2.4033156e+00
   1.4670000e+03   2.6650291e+00
   1.4680000e+03   2.9643010e+00
   1.4690000e+03   3.3009612e+00
   1.4700000e+03   3.6691075e+00
   1.4710000e+03   4.0931582e+00
   1.4720000e+03   4.5294260e+00
   1.4730000e+03   4.9967054e+00
   1.4740000e+03   5.5010343e+00
   1.4750000e+03   5.9956849e+00
   1.4760000e+03   6.4818858e+00
   1.4770000e+03   6.9614332e+00
   1.4780000e+03   7.4046212e+00
   1.4790000e+03   7.8609711e+00
   1.4800000e+03   8.2903479e+00
   1.4810000e+03   8.6487008e+00
   1.4820000e+03   8.9286327e+00
   1.4830000e+03   9.1358760e+00
   1.4840000e+03   9.2749953e+00
   1.4850000e+03   9.3460090e+00
   1.4860000e+03   9.2467426e+00
   1.4870000e+03   9.0259298e+00
   1.4880000e+03   8.7050275e+00
   1.4890000e+03   8.2233274e+00
   1.4900000e+03   7.6835763e+00
   1.4910000e+03   7.1109899e+00
   1.4920000e+03   6.4624917e+00
   1.4930000e+03   5.8052064e+00
   1.4940000e+03   5.1807130e+00
   1.4950000e+03   4.5782346e+00
   1.4960000e+03   4.0563383e+00
   1.4970000e+03   3.5827779e+00
   1.4980000e+03   3.1480393e+00
   1.4990000e+03   2.7811205e+00
   1.5000000e+03   2.4706701e+00
   1.5010000e+03   2.1939739e+00
   1.5020000e+03   1.9398132e+00
   1.5030000e+03   1.7663818e+00
   1.5040000e+03   1.6180086e+00
   1.5050000e+03   1.4829581e+00
   1.5060000e+03   1.3526524e+00
   1.5070000e+03   1.2542202e+00
   1.5080000e+03   1.1729250e+00
   1.5090000e+03   1.0925030e+00
   1.5100000e+03   1.0309110e+00
   1.5110000e+03   9.7371327e-01
   1.5120000e+03   9.1911682e-01
   1.5130000e+03   8.9061177e-01
   1.5140000e+03   8.5653397e-01
   1.5150000e+03   8.2791167e-01
   1.5160000e+03   8.1366117e-01
   1.5170000e+03   8.0016255e-01
   1.5180000e+03   7.9146069e-01
   1.5190000e+03   7.8517893e-01
   1.5200000e+03   7.7716491e-01
   1.5210000e+03   7.8387888e-01
   1.5220000e+03   7.9564527e-01
   1.5230000e+03   8.0914830e-01
   1.5240000e+03   8.3949015e-01
   1.5250000e+03   8.6596083e-01
   1.5260000e+03   8.8939689e-01
   1.5270000e+03   9.3085095e-01
   1.5280000e+03   9.7193793e-01
   1.5290000e+03   1.0158312e+00
   1.5300000e+03   1.0738942e+00
   1.5310000e+03   1.1202054e+00
   1.5320000e+03   1.1618628e+00
   1.5330000e+03   1.2059522e+00
   1.5340000e+03   1.2474541e+00
   1.5350000e+03   1.2687614e+00
   1.5360000e+03   1.2807496e+00
   1.5370000e+03   1.2858497e+00
   1.5380000e+03   1.2752713e+00
   1.5390000e+03   1.2539543e+00
   1.5400000e+03   1.2197563e+00
   1.5410000e+03   1.1826673e+00
   1.5420000e+03   1.1456055e+00
   1.5430000e+03   1.1092159e+00
   1.5440000e+03   1.0682230e+00
   1.5450000e+03   1.0455347e+00
   1.5460000e+03   1.0353778e+00
   1.5470000e+03   1.0298344e+00
   1.5480000e+03   1.0312300e+00
   1.5490000e+03   1.0377929e+00
   1.5500000e+03   1.0548884e+00
   1.5510000e+03   1.0910972e+00
   1.5520000e+03   1.1411687e+00
   1.5530000e+03   1.1965897e+00
   1.5540000e+03   1.2521241e+00
   1.5550000e+03   1.3077165e+00
   1.5560000e+03   1.3874659e+00
   1.5570000e+03   1.4914777e+00
   1.5580000e+03   1.6232940e+00
   1.5590000e+03   1.7647458e+00
   1.5600000e+03   1.8998212e+00
   1.5610000e+03   2.0378976e+00
   1.5620000e+03   2.2219740e+00
   1.5630000e+03   2.4249657e+00
   1.5640000e+03   2.6410604e+00
   1.5650000e+03   2.8536989e+00
   1.5660000e+03   3.1122448e+00
   1.5670000e+03   3.3720501e+00
   1.5680000e+03   3.6259715e+00
   1.5690000e+03   3.8771625e+00
   1.5700000e+03   4.1053345e+00
   1.5710000e+03   4.3315280e+00
   1.5720000e+03   4.5633889e+00
   1.5730000e+03   4.7085946e+00
   1.5740000e+03   4.8224828e+00
   1.5750000e+03   4.9052157e+00
   1.5760000e+03   4.9324234e+00
   1.5770000e+03   4.8949239e+00
   1.5780000e+03   4.8155065e+00
   1.5790000e+03   4.6964698e+00
   1.5800000e+03   4.5599709e+00
   1.5810000e+03   4.4154513e+00
   1.5820000e+03   4.2451856e+00
   1.5830000e+03   4.0722819e+00
   1.5840000e+03   3.9178516e+00
   1.5850000e+03   3.7743351e+00
   1.5860000e+03   3.6415208e+00
   1.5870000e+03   3.5612124e+00
   1.5880000e+03   3.5213686e+00
   1.5890000e+03   3.5001839e+00
   1.5900000e+03   3.4834570e+00
   1.5910000e+03   3.5097270e+00
   1.5920000e+03   3.5539523e+00
   1.5930000e+03   3.6198640e+00
   1.5940000e+03   3.6826583e+00
   1.5950000e+03   3.7505184e+00
   1.5960000e+03   3.8169732e+00
   1.5970000e+03   3.8730946e+00
   1.5980000e+03   3.8719845e+00
   1.5990000e+03   3.8519204e+00
   1.6000000e+03   3.8214004e+00
   1.6010000e+03   3.7382675e+00
   1.6020000e+03   3.6609767e+00
   1.6030000e+03   3.5827095e+00
   1.6040000e+03   3.4601624e+00
   1.6050000e+03   3.3114163e+00
   1.6060000e+03   3.1625346e+00
   1.6070000e+03   3.0175482e+00
   1.6080000e+03   2.8694553e+00
   1.6090000e+03   2.7146299e+00
   1.6100000e+03   2.5623509e+00
   1.6110000e+03   2.4039735e+00
   1.6120000e+03   2.2788305e+00
   1.6130000e+03   2.1485148e+00
   1.6140000e+03   2.0117710e+00
   1.6150000e+03   1.9039209e+00
   1.6160000e+03   1.7834206e+00
   1.6170000e+03   1.6639470e+00
   1.6180000e+03   1.5543776e+00
   1.6190000e+03   1.4607141e+00
   1.6200000e+03   1.3792398e+00
   1.6210000e+03   1.2958256e+00
   1.6220000e+03   1.2081816e+00
   1.6230000e+03   1.1405015e+00
   1.6240000e+03   1.0848580e+00
   1.6250000e+03   1.0431679e+00
   1.6260000e+03   9.9971096e-01
   1.6270000e+03   9.6625350e-01
   1.6280000e+03   9.3562474e-01
   1.6290000e+03   8.9927910e-01
   1.6300000e+03   8.8452670e-01
   1.6310000e+03   8.6349102e-01
   1.6320000e+03   8.3282844e-01
   1.6330000e+03   8.2615396e-01
   1.6340000e+03   8.2752942e-01
   1.6350000e+03   8.2512958e-01
   1.6360000e+03   8.1716685e-01
   1.6370000e+03   8.0644935e-01
   1.6380000e+03   7.9808284e-01
   1.6390000e+03   7.9776771e-01
   1.6400000e+03   7.8447948e-01
   1.6410000e+03   7.8329090e-01
   1.6420000e+03   7.8493870e-01
   1.6430000e+03   7.7813410e-01
   1.6440000e+03   7.6727960e-01
   1.6450000e+03   7.5464737e-01
   1.6460000e+03   7.5121357e-01
   1.6470000e+03   7.4613218e-01
   1.6480000e+03   7.4090020e-01
   1.6490000e+03   7.3465928e-01
   1.6500000e+03   7.2101667e-01
   1.6510000e+03   7.1633271e-01
   1.6520000e+03   7.1106444e-01
   1.6530000e+03   7.0492968e-01
   1.6540000e+03   6.9471536e-01
   1.6550000e+03   6.8263921e-01
   1.6560000e+03   6.7110698e-01
   1.6570000e+03   6.6636051e-01
   1.6580000e+03   6.5987598e-01
   1.6590000e+03   6.5572809e-01
   1.6600000e+03   6.5957587e-01
   1.6610000e+03   6.5554442e-01
   1.6620000e+03   6.4295237e-01
   1.6630000e+03   6.3346455e-01
   1.6640000e+03   6.3728350e-01
   1.6650000e+03   6.3385398e-01
   1.6660000e+03   6.2947071e-01
   1.6670000e+03   6.2569850e-01
   1.6680000e+03   6.2837084e-01
   1.6690000e+03   6.2561809e-01
   1.6700000e+03   6.2422208e-01
   1.6710000e+03   6.2824775e-01
   1.6720000e+03   6.3220149e-01
   1.6730000e+03   6.2591370e-01
   1.6740000e+03   6.1892567e-01
   1.6750000e+03   6.3747370e-01
   1.6760000e+03   6.3394955e-01
   1.6770000e+03   6.2732441e-01
   1.6780000e+03   6.2559347e-01
   1.6790000e+03   6.3119432e-01
   1.6800000e+03   6.4170961e-01
   1.6810000e+03   6.4895261e-01
   1.6820000e+03   6.5728068e-01
   1.6830000e+03   6.3037452e-01
   1.6840000e+03   6.2711016e-01
   1.6850000e+03   6.4199029e-01
   1.6860000e+03   6.2004416e-01
   1.6870000e+03   6.0750690e-01
   1.6880000e+03   5.9722313e-01
   1.6890000e+03   5.8136585e-01
   1.6900000e+03   5.6339247e-01
   1.6910000e+03   5.4488576e-01
   1.6920000e+03   5.2252710e-01
   1.6930000e+03   5.0262895e-01
   1.6940000e+03   4.8373497e-01
   1.6950000e+03   4.6184703e-01
   1.6960000e+03   4.3857391e-01
   1.6970000e+03   4.2249343e-01
   1.6980000e+03   4.0900236e-01
   1.6990000e+03   3.9630696e-01
   1.7000000e+03   3.7919695e-01
   1.7010000e+03   3.5458299e-01
   1.7020000e+03   3.4188308e-01
   1.7030000e+03   3.3461795e-01
   1.7040000e+03   3.0973815e-01
   1.7050000e+03   3.0162570e-01
   1.7060000e+03   2.9338914e-01
   1.7070000e+03   2.7561018e-01
   1.7080000e+03   2.7091523e-01
   1.7090000e+03   2.6477887e-01
   1.7100000e+03   2.5517610e-01
   1.7110000e+03   2.4614549e-01
   1.7120000e+03   2.3897492e-01
   1.7130000e+03   2.3444864e-01
   1.7140000e+03   2.3555609e-01
   1.7150000e+03   2.3375545e-01
   1.7160000e+03   2.2759163e-01
   1.7170000e+03   2.1954277e-01
   1.7180000e+03   2.1468331e-01
   1.7190000e+03   2.1096433e-01
   1.7200000e+03   2.1172773e-01
   1.7210000e+03   2.1233313e-01
   1.7220000e+03   2.0563664e-01
   1.7230000e+03   2.0187360e-01
   1.7240000e+03   1.9738346e-01
   1.7250000e+03   1.8883101e-01
   1.7260000e+03   1.8736448e-01
   1.7270000e+03   1.8411171e-01
   1.7280000e+03   1.7847385e-01
   1.7290000e+03   1.6205007e-01
   1.7300000e+03   1.6327953e-01
   1.7310000e+03   1.6663862e-01
   1.7320000e+03   1.6259668e-01
   1.7330000e+03   1.4395812e-01
   1.7340000e+03   1.2816950e-01
   1.7350000e+03   1.1635363e-01
   1.7360000e+03   1.1376730e-01
   1.7370000e+03   1.0683642e-01
   1.7380000e+03   9.7832503e-02
   1.7390000e+03   9.3648882e-02
   1.7400000e+03   9.4157476e-02
   1.7410000e+03   9.4162227e-02
   1.7420000e+03   9.2222200e-02
   1.7430000e+03   8.5660571e-02
   1.7440000e+03   7.9935257e-02
   1.7450000e+03   7.9680325e-02
   1.7460000e+03   8.2800424e-02
   1.7470000e+03   8.3307218e-02
   1.7480000e+03   7.3288708e-02
   1.7490000e+03   6.4489575e-02
   1.7500000e+03   6.1469647e-02
   1.7510000e+03   5.8673479e-02
   1.7520000e+03   5.2689524e-02
   1.7530000e+03   4.8488623e-02
   1.7540000e+03   5.0317088e-02
   1.7550000e+03   5.2304976e-02
   1.7560000e+03   5.3550172e-02
   1.7570000e+03   5.7511397e-02
   1.7580000e+03   4.7302249e-02
   1.7590000e+03   4.6825834e-02
   1.7600000e+03   4.9272197e-02
   1.7610000e+03   4.8067720e-02
   1.7620000e+03   4.5770474e-02
   1.7630000e+03   4.3644343e-02
   1.7640000e+03   3.8423705e-02
   1.7650000e+03   3.8736392e-02
   1.7660000e+03   4.4951568e-02
   1.7670000e+03   4.7077992e-02
   1.7680000e+03   4.9005977e-02
   1.7690000e+03   4.0108363e-02
   1.7700000e+03   4.1233340e-02
   1.7710000e+03   4.2161296e-02
   1.7720000e+03   3.4724490e-02
   1.7730000e+03   4.3597273e-02
   1.7740000e+03   4.5640805e-02
   1.7750000e+03   4.6123502e-02
   1.7760000e+03   4.9949276e-02
   1.7770000e+03   5.1127233e-02
   1.7780000e+03   4.8654088e-02
   1.7790000e+03   3.9326388e-02
   1.7800000e+03   4.1443828e-02
   1.7810000e+03   4.6534903e-02
   1.7820000e+03   4.6016650e-02
   1.7830000e+03   4.5716823e-02
   1.7840000e+03   4.3149351e-02
   1.7850000e+03   4.0421051e-02
   1.7860000e+03   3.9335916e-02
   1.7870000e+03   4.1050596e-02
   1.7880000e+03   4.1117783e-02
   1.7890000e+03   3.7420961e-02
   1.7900000e+03   2.7606602e-02
   1.7910000e+03   2.7831479e-02
   1.7920000e+03   2.7932411e-02
   1.7930000e+03   2.7474039e-02
   1.7940000e+03   2.8087907e-02
   1.7950000e+03   1.6642169e-02
   1.7960000e+03   1.3810462e-02
   1.7970000e+03   2.0844001e-02
   1.7980000e+03   1.9178639e-02
   1.7990000e+03   1.2112362e-02
