   5.0100000e+02   1.0999548e-01
   5.0200000e+02   9.9487698e-02
   5.0300000e+02   8.7116357e-02
   5.0400000e+02   8.1058468e-02
   5.0500000e+02   9.7035256e-02
   5.0600000e+02   1.0509558e-01
   5.0700000e+02   1.0254047e-01
   5.0800000e+02   1.1785684e-01
   5.0900000e+02   1.1929556e-01
   5.1000000e+02   1.3157953e-01
   5.1100000e+02   1.2420349e-01
   5.1200000e+02   1.2948885e-01
   5.1300000e+02   1.5941374e-01
   5.1400000e+02   2.0404079e-01
   5.1500000e+02   2.2614974e-01
   5.1600000e+02   2.2573469e-01
   5.1700000e+02   1.9452180e-01
   5.1800000e+02   1.8132898e-01
   5.1900000e+02   1.9823400e-01
   5.2000000e+02   1.4500904e-01
   5.2100000e+02   1.0700686e-01
   5.2200000e+02   6.7530871e-02
   5.2300000e+02   6.2548848e-02
   5.2400000e+02   7.9649317e-02
   5.2500000e+02   1.0142617e-01
   5.2600000e+02   7.9308140e-02
   5.2700000e+02   6.6934993e-02
   5.2800000e+02   6.9810764e-02
   5.2900000e+02   9.1483344e-02
   5.3000000e+02   9.7444820e-02
   5.3100000e+02   8.3934574e-02
   5.3200000e+02   1.0006778e-01
   5.3300000e+02   1.1315140e-01
   5.3400000e+02   1.1803501e-01
   5.3500000e+02   1.1040008e-01
   5.3600000e+02   1.0248506e-01
   5.3700000e+02   9.4146746e-02
   5.3800000e+02   1.0334845e-01
   5.3900000e+02   1.1458557e-01
   5.4000000e+02   1.2268464e-01
   5.4100000e+02   1.0781712e-01
   5.4200000e+02   1.1161646e-01
   5.4300000e+02   1.2671773e-01
   5.4400000e+02   1.5868392e-01
   5.4500000e+02   1.9316434e-01
   5.4600000e+02   2.2310313e-01
   5.4700000e+02   2.4374971e-01
   5.4800000e+02   2.3708461e-01
   5.4900000e+02   2.4940476e-01
   5.5000000e+02   3.0125599e-01
   5.5100000e+02   3.2029116e-01
   5.5200000e+02   3.4060321e-01
   5.5300000e+02   3.6667836e-01
   5.5400000e+02   3.8322919e-01
   5.5500000e+02   3.7798470e-01
   5.5600000e+02   3.6657908e-01
   5.5700000e+02   3.4945061e-01
   5.5800000e+02   3.4164672e-01
   5.5900000e+02   3.4405114e-01
   5.6000000e+02   2.9337994e-01
   5.6100000e+02   2.6381887e-01
   5.6200000e+02   2.4681174e-01
   5.6300000e+02   2.4713678e-01
   5.6400000e+02   2.3597797e-01
   5.6500000e+02   2.2353821e-01
   5.6600000e+02   2.2809351e-01
   5.6700000e+02   2.3515140e-01
   5.6800000e+02   2.3813761e-01
   5.6900000e+02   2.2744721e-01
   5.7000000e+02   2.4981838e-01
   5.7100000e+02   2.8106671e-01
   5.7200000e+02   2.9917418e-01
   5.7300000e+02   3.1291772e-01
   5.7400000e+02   3.2377957e-01
   5.7500000e+02   3.4835476e-01
   5.7600000e+02   3.6197175e-01
   5.7700000e+02   3.8170773e-01
   5.7800000e+02   4.1225128e-01
   5.7900000e+02   4.0938728e-01
   5.8000000e+02   3.9365828e-01
   5.8100000e+02   3.8249404e-01
   5.8200000e+02   3.7721281e-01
   5.8300000e+02   3.6254271e-01
   5.8400000e+02   3.3072023e-01
   5.8500000e+02   3.3014153e-01
   5.8600000e+02   3.1547157e-01
   5.8700000e+02   2.8178315e-01
   5.8800000e+02   2.9019645e-01
   5.8900000e+02   2.7077316e-01
   5.9000000e+02   2.5530477e-01
   5.9100000e+02   2.3901096e-01
   5.9200000e+02   2.2434465e-01
   5.9300000e+02   2.2703501e-01
   5.9400000e+02   2.2775525e-01
   5.9500000e+02   2.2791262e-01
   5.9600000e+02   2.3567047e-01
   5.9700000e+02   2.2612409e-01
   5.9800000e+02   2.0378981e-01
   5.9900000e+02   1.9053658e-01
   6.0000000e+02   1.5838123e-01
   6.0100000e+02   1.2283201e-01
   6.0200000e+02   1.1532975e-01
   6.0300000e+02   5.9086416e-02
   6.0400000e+02   1.1799076e-02
   6.0500000e+02   4.9599977e-02
   6.0600000e+02   1.2755905e-02
   6.0700000e+02   1.6275341e-02
   6.0800000e+02   6.4132130e-02
   6.0900000e+02   2.1041602e-02
   6.1000000e+02   1.5674026e-02
   6.1100000e+02   6.5673428e-03
   6.1200000e+02   9.1820351e-03
   6.1300000e+02   4.5365148e-02
   6.1400000e+02   3.5748588e-02
   6.1500000e+02   9.9424357e-03
   6.1600000e+02   3.1190184e-02
   6.1700000e+02   1.7234608e-02
   6.1800000e+02   2.2033523e-02
   6.1900000e+02   2.9952974e-02
   6.2000000e+02   1.8885628e-02
   6.2100000e+02   2.4063423e-02
   6.2200000e+02   5.6070801e-02
   6.2300000e+02   4.7771612e-02
   6.2400000e+02   2.2866058e-02
   6.2500000e+02   5.6264128e-02
   6.2600000e+02   8.0964823e-02
   6.2700000e+02   1.0272981e-01
   6.2800000e+02   1.0707187e-01
   6.2900000e+02   9.8356907e-02
   6.3000000e+02   8.4388979e-02
   6.3100000e+02   1.1035515e-01
   6.3200000e+02   1.2625942e-01
   6.3300000e+02   1.2867090e-01
   6.3400000e+02   1.0167518e-01
   6.3500000e+02   1.1137857e-01
   6.3600000e+02   1.4218912e-01
   6.3700000e+02   1.4005158e-01
   6.3800000e+02   1.1193040e-01
   6.3900000e+02   1.0502963e-01
   6.4000000e+02   1.3801986e-01
   6.4100000e+02   1.3569971e-01
   6.4200000e+02   1.4807140e-01
   6.4300000e+02   1.5910548e-01
   6.4400000e+02   1.7835396e-01
   6.4500000e+02   1.8821642e-01
   6.4600000e+02   1.8518577e-01
   6.4700000e+02   1.6966137e-01
   6.4800000e+02   1.5418431e-01
   6.4900000e+02   1.4646461e-01
   6.5000000e+02   1.3148013e-01
   6.5100000e+02   1.0516661e-01
   6.5200000e+02   9.3189335e-02
   6.5300000e+02   1.0662298e-01
   6.5400000e+02   1.2138248e-01
   6.5500000e+02   1.2848120e-01
   6.5600000e+02   1.2494068e-01
   6.5700000e+02   1.2922644e-01
   6.5800000e+02   1.5401167e-01
   6.5900000e+02   1.9060622e-01
   6.6000000e+02   2.2119539e-01
   6.6100000e+02   2.4988666e-01
   6.6200000e+02   2.6042018e-01
   6.6300000e+02   2.9765254e-01
   6.6400000e+02   3.3997180e-01
   6.6500000e+02   3.7369046e-01
   6.6600000e+02   4.1287385e-01
   6.6700000e+02   4.5554595e-01
   6.6800000e+02   4.8721661e-01
   6.6900000e+02   5.0402016e-01
   6.7000000e+02   5.1114327e-01
   6.7100000e+02   5.0433000e-01
   6.7200000e+02   4.8276539e-01
   6.7300000e+02   4.5092598e-01
   6.7400000e+02   4.1409826e-01
   6.7500000e+02   3.6916897e-01
   6.7600000e+02   3.2391302e-01
   6.7700000e+02   2.7930242e-01
   6.7800000e+02   2.7805755e-01
   6.7900000e+02   2.6329359e-01
   6.8000000e+02   2.4522357e-01
   6.8100000e+02   2.1832311e-01
   6.8200000e+02   2.1324693e-01
   6.8300000e+02   2.2228602e-01
   6.8400000e+02   2.0495498e-01
   6.8500000e+02   1.8788934e-01
   6.8600000e+02   1.7948581e-01
   6.8700000e+02   1.8349608e-01
   6.8800000e+02   1.7769780e-01
   6.8900000e+02   1.8496532e-01
   6.9000000e+02   2.0618975e-01
   6.9100000e+02   2.0934545e-01
   6.9200000e+02   1.9273387e-01
   6.9300000e+02   1.6935923e-01
   6.9400000e+02   1.6494004e-01
   6.9500000e+02   1.6289808e-01
   6.9600000e+02   1.5269049e-01
   6.9700000e+02   1.5728176e-01
   6.9800000e+02   1.4437033e-01
   6.9900000e+02   1.1583687e-01
   7.0000000e+02   1.0217084e-01
   7.0100000e+02   1.0183312e-01
   7.0200000e+02   9.7388261e-02
   7.0300000e+02   7.6447404e-02
   7.0400000e+02   7.6886928e-02
   7.0500000e+02   7.7539078e-02
   7.0600000e+02   7.6715568e-02
   7.0700000e+02   8.0474324e-02
   7.0800000e+02   8.6238157e-02
   7.0900000e+02   1.0173767e-01
   7.1000000e+02   9.7955665e-02
   7.1100000e+02   9.7606554e-02
   7.1200000e+02   1.3696553e-01
   7.1300000e+02   1.4849901e-01
   7.1400000e+02   1.6663161e-01
   7.1500000e+02   2.1446728e-01
   7.1600000e+02   2.1482886e-01
   7.1700000e+02   2.0662662e-01
   7.1800000e+02   2.0073641e-01
   7.1900000e+02   1.9976473e-01
   7.2000000e+02   1.8771876e-01
   7.2100000e+02   1.5925773e-01
   7.2200000e+02   1.1589418e-01
   7.2300000e+02   8.1873017e-02
   7.2400000e+02   5.3491666e-02
   7.2500000e+02   4.5712990e-02
   7.2600000e+02   4.6674069e-02
   7.2700000e+02   5.1965107e-02
   7.2800000e+02   4.9592029e-02
   7.2900000e+02   3.3589415e-02
   7.3000000e+02   1.3339096e-02
   7.3100000e+02   1.8212170e-02
   7.3200000e+02   2.0531117e-02
   7.3300000e+02   1.6119197e-02
   7.3400000e+02   2.0079319e-02
   7.3500000e+02   3.5948787e-02
   7.3600000e+02   4.7812254e-02
   7.3700000e+02   4.4875166e-02
   7.3800000e+02   2.7711442e-02
   7.3900000e+02   1.9212747e-02
   7.4000000e+02   3.4928764e-02
   7.4100000e+02   3.7795991e-02
   7.4200000e+02   2.7680222e-02
   7.4300000e+02   4.3414708e-03
   7.4400000e+02   1.9822529e-02
   7.4500000e+02   4.0908792e-02
   7.4600000e+02   5.7624240e-02
   7.4700000e+02   5.0883500e-02
   7.4800000e+02   4.2082079e-02
   7.4900000e+02   2.9722899e-02
   7.5000000e+02   5.5307072e-02
   7.5100000e+02   6.2796605e-02
   7.5200000e+02   5.0950175e-02
   7.5300000e+02   4.9326975e-02
   7.5400000e+02   8.4602877e-02
   7.5500000e+02   1.1072865e-01
   7.5600000e+02   1.0139451e-01
   7.5700000e+02   1.0151846e-01
   7.5800000e+02   1.0629327e-01
   7.5900000e+02   1.2049264e-01
   7.6000000e+02   1.3133925e-01
   7.6100000e+02   1.2054714e-01
   7.6200000e+02   1.0440846e-01
   7.6300000e+02   1.3318843e-01
   7.6400000e+02   1.6565692e-01
   7.6500000e+02   2.0016590e-01
   7.6600000e+02   2.3174896e-01
   7.6700000e+02   2.7600158e-01
   7.6800000e+02   3.2527893e-01
   7.6900000e+02   3.8721726e-01
   7.7000000e+02   4.2286075e-01
   7.7100000e+02   4.4755461e-01
   7.7200000e+02   4.6671381e-01
   7.7300000e+02   4.9598686e-01
   7.7400000e+02   5.3153277e-01
   7.7500000e+02   5.7174906e-01
   7.7600000e+02   6.2452601e-01
   7.7700000e+02   6.7825184e-01
   7.7800000e+02   7.3091798e-01
   7.7900000e+02   7.8632709e-01
   7.8000000e+02   8.3865536e-01
   7.8100000e+02   8.6971992e-01
   7.8200000e+02   8.7571539e-01
   7.8300000e+02   8.4872638e-01
   7.8400000e+02   7.9954915e-01
   7.8500000e+02   7.1402182e-01
   7.8600000e+02   6.2345691e-01
   7.8700000e+02   5.3587637e-01
   7.8800000e+02   4.8333390e-01
   7.8900000e+02   4.2719787e-01
   7.9000000e+02   3.8318171e-01
   7.9100000e+02   3.3942542e-01
   7.9200000e+02   2.7001847e-01
   7.9300000e+02   2.1191307e-01
   7.9400000e+02   2.0592591e-01
   7.9500000e+02   2.1188594e-01
   7.9600000e+02   2.1930515e-01
   7.9700000e+02   2.2300577e-01
   7.9800000e+02   2.4858886e-01
   7.9900000e+02   2.6614369e-01
   8.0000000e+02   2.6193482e-01
   8.0100000e+02   2.6584681e-01
   8.0200000e+02   2.6502474e-01
   8.0300000e+02   2.6092925e-01
   8.0400000e+02   2.5196482e-01
   8.0500000e+02   2.5933709e-01
   8.0600000e+02   2.6560421e-01
   8.0700000e+02   2.4332091e-01
   8.0800000e+02   2.2795580e-01
   8.0900000e+02   2.0810926e-01
   8.1000000e+02   1.5638032e-01
   8.1100000e+02   1.0241814e-01
   8.1200000e+02   6.8725299e-02
   8.1300000e+02   7.0640841e-02
   8.1400000e+02   6.6879212e-02
   8.1500000e+02   6.6155169e-02
   8.1600000e+02   8.1548301e-02
   8.1700000e+02   8.6792481e-02
   8.1800000e+02   1.0582599e-01
   8.1900000e+02   1.3955516e-01
   8.2000000e+02   1.4305128e-01
   8.2100000e+02   1.6112095e-01
   8.2200000e+02   1.7118759e-01
   8.2300000e+02   1.5755229e-01
   8.2400000e+02   1.8075653e-01
   8.2500000e+02   2.1137960e-01
   8.2600000e+02   1.7251190e-01
   8.2700000e+02   1.6927549e-01
   8.2800000e+02   1.7495481e-01
   8.2900000e+02   1.6586361e-01
   8.3000000e+02   1.5194593e-01
   8.3100000e+02   1.3223002e-01
   8.3200000e+02   1.0822742e-01
   8.3300000e+02   9.8914101e-02
   8.3400000e+02   8.0402035e-02
   8.3500000e+02   4.1587794e-02
   8.3600000e+02   4.3995161e-02
   8.3700000e+02   4.8863107e-02
   8.3800000e+02   5.0174756e-02
   8.3900000e+02   4.5777009e-02
   8.4000000e+02   5.0845335e-02
   8.4100000e+02   5.7342652e-02
   8.4200000e+02   5.9004381e-02
   8.4300000e+02   7.2615258e-02
   8.4400000e+02   9.3769035e-02
   8.4500000e+02   1.0694060e-01
   8.4600000e+02   1.0803670e-01
   8.4700000e+02   1.1275312e-01
   8.4800000e+02   1.0785248e-01
   8.4900000e+02   1.0208868e-01
   8.5000000e+02   1.0042596e-01
   8.5100000e+02   1.0798182e-01
   8.5200000e+02   1.1897905e-01
   8.5300000e+02   1.3155389e-01
   8.5400000e+02   1.4480683e-01
   8.5500000e+02   1.5568769e-01
   8.5600000e+02   1.6833609e-01
   8.5700000e+02   1.7452802e-01
   8.5800000e+02   1.6720625e-01
   8.5900000e+02   1.8667710e-01
   8.6000000e+02   2.0843571e-01
   8.6100000e+02   2.1548732e-01
   8.6200000e+02   2.4172019e-01
   8.6300000e+02   2.7158654e-01
   8.6400000e+02   2.9199177e-01
   8.6500000e+02   2.7240292e-01
   8.6600000e+02   2.7320028e-01
   8.6700000e+02   3.0389181e-01
   8.6800000e+02   3.0084026e-01
   8.6900000e+02   2.8289258e-01
   8.7000000e+02   2.6636145e-01
   8.7100000e+02   2.7378982e-01
   8.7200000e+02   2.6653230e-01
   8.7300000e+02   2.5436901e-01
   8.7400000e+02   2.3261686e-01
   8.7500000e+02   2.3636917e-01
   8.7600000e+02   2.4214081e-01
   8.7700000e+02   2.2649358e-01
   8.7800000e+02   2.1407336e-01
   8.7900000e+02   2.0929787e-01
   8.8000000e+02   2.1764266e-01
   8.8100000e+02   2.1932117e-01
   8.8200000e+02   2.2419702e-01
   8.8300000e+02   2.2523425e-01
   8.8400000e+02   2.1475817e-01
   8.8500000e+02   2.1289162e-01
   8.8600000e+02   2.0981668e-01
   8.8700000e+02   2.1446101e-01
   8.8800000e+02   2.2156347e-01
   8.8900000e+02   2.2192466e-01
   8.9000000e+02   2.0715265e-01
   8.9100000e+02   2.0943495e-01
   8.9200000e+02   2.1181353e-01
   8.9300000e+02   1.9259018e-01
   8.9400000e+02   1.9885639e-01
   8.9500000e+02   2.0863788e-01
   8.9600000e+02   2.0206247e-01
   8.9700000e+02   1.8627277e-01
   8.9800000e+02   1.7812316e-01
   8.9900000e+02   1.7131013e-01
   9.0000000e+02   1.6788197e-01
   9.0100000e+02   1.6310067e-01
   9.0200000e+02   1.6122856e-01
   9.0300000e+02   1.6477817e-01
   9.0400000e+02   1.6081380e-01
   9.0500000e+02   1.5058887e-01
   9.0600000e+02   1.4676946e-01
   9.0700000e+02   1.5399729e-01
   9.0800000e+02   1.6110981e-01
   9.0900000e+02   1.7191512e-01
   9.1000000e+02   1.7757976e-01
   9.1100000e+02   1.8762802e-01
   9.1200000e+02   2.0260319e-01
   9.1300000e+02   1.8489902e-01
   9.1400000e+02   1.7929238e-01
   9.1500000e+02   1.8731481e-01
   9.1600000e+02   1.8875953e-01
   9.1700000e+02   1.8110350e-01
   9.1800000e+02   1.7046351e-01
   9.1900000e+02   1.7319559e-01
   9.2000000e+02   1.7346156e-01
   9.2100000e+02   1.6319114e-01
   9.2200000e+02   1.3255031e-01
   9.2300000e+02   1.1317033e-01
   9.2400000e+02   9.1598981e-02
   9.2500000e+02   6.5488635e-02
   9.2600000e+02   5.4013162e-02
   9.2700000e+02   4.8539555e-02
   9.2800000e+02   4.8203735e-02
   9.2900000e+02   3.1128552e-02
   9.3000000e+02   2.9211557e-02
   9.3100000e+02   3.8829919e-02
   9.3200000e+02   4.3993410e-02
   9.3300000e+02   4.8405114e-02
   9.3400000e+02   5.0473461e-02
   9.3500000e+02   4.2017524e-02
   9.3600000e+02   3.7489753e-02
   9.3700000e+02   3.3779136e-02
   9.3800000e+02   3.5697088e-02
   9.3900000e+02   5.3407572e-02
   9.4000000e+02   6.0725882e-02
   9.4100000e+02   4.6653696e-02
   9.4200000e+02   2.9694515e-02
   9.4300000e+02   2.2409571e-02
   9.4400000e+02   2.4385224e-02
   9.4500000e+02   3.1208923e-02
   9.4600000e+02   3.0330454e-02
   9.4700000e+02   3.1246806e-02
   9.4800000e+02   4.3348640e-02
   9.4900000e+02   5.6330024e-02
   9.5000000e+02   6.4925200e-02
   9.5100000e+02   7.6966421e-02
   9.5200000e+02   8.8219255e-02
   9.5300000e+02   9.6971149e-02
   9.5400000e+02   1.0800828e-01
   9.5500000e+02   1.0675199e-01
   9.5600000e+02   1.0392596e-01
   9.5700000e+02   9.7377607e-02
   9.5800000e+02   9.1228939e-02
   9.5900000e+02   9.4063062e-02
   9.6000000e+02   1.0014061e-01
   9.6100000e+02   9.9776591e-02
   9.6200000e+02   8.6933564e-02
   9.6300000e+02   7.6419843e-02
   9.6400000e+02   8.7837796e-02
   9.6500000e+02   8.5135820e-02
   9.6600000e+02   7.6165116e-02
   9.6700000e+02   6.0823579e-02
   9.6800000e+02   4.3411125e-02
   9.6900000e+02   3.2637094e-02
   9.7000000e+02   2.6702436e-02
   9.7100000e+02   3.3739106e-02
   9.7200000e+02   2.5118707e-02
   9.7300000e+02   1.5950095e-02
   9.7400000e+02   2.9125554e-02
   9.7500000e+02   3.4813913e-02
   9.7600000e+02   3.4212186e-02
   9.7700000e+02   3.5773575e-02
   9.7800000e+02   3.7456177e-02
   9.7900000e+02   4.5174393e-02
   9.8000000e+02   5.3031466e-02
   9.8100000e+02   4.8519664e-02
   9.8200000e+02   5.5717466e-02
   9.8300000e+02   6.9296535e-02
   9.8400000e+02   6.5665308e-02
   9.8500000e+02   6.4947952e-02
   9.8600000e+02   6.4458238e-02
   9.8700000e+02   6.5369489e-02
   9.8800000e+02   7.2396867e-02
   9.8900000e+02   8.1975590e-02
   9.9000000e+02   8.8497191e-02
   9.9100000e+02   8.1171250e-02
   9.9200000e+02   7.8388660e-02
   9.9300000e+02   8.7760080e-02
   9.9400000e+02   9.2667236e-02
   9.9500000e+02   8.6591575e-02
   9.9600000e+02   6.9574875e-02
   9.9700000e+02   7.4379727e-02
   9.9800000e+02   7.7563636e-02
   9.9900000e+02   8.1116296e-02
   1.0000000e+03   9.4345985e-02
   1.0010000e+03   9.4235058e-02
   1.0020000e+03   8.6764284e-02
   1.0030000e+03   7.9338558e-02
   1.0040000e+03   9.7898592e-02
   1.0050000e+03   1.0208917e-01
   1.0060000e+03   9.1461110e-02
   1.0070000e+03   1.0573848e-01
   1.0080000e+03   1.2115561e-01
   1.0090000e+03   1.3643712e-01
   1.0100000e+03   1.5838658e-01
   1.0110000e+03   1.7532208e-01
   1.0120000e+03   1.8954408e-01
   1.0130000e+03   2.0977253e-01
   1.0140000e+03   2.2960801e-01
   1.0150000e+03   2.5942382e-01
   1.0160000e+03   2.9931197e-01
   1.0170000e+03   3.2457335e-01
   1.0180000e+03   3.5141746e-01
   1.0190000e+03   3.7825603e-01
   1.0200000e+03   3.8632315e-01
   1.0210000e+03   3.8922173e-01
   1.0220000e+03   3.8593072e-01
   1.0230000e+03   3.9034479e-01
   1.0240000e+03   3.8579372e-01
   1.0250000e+03   3.6704037e-01
   1.0260000e+03   3.3321404e-01
   1.0270000e+03   3.1197826e-01
   1.0280000e+03   2.9192674e-01
   1.0290000e+03   2.6699064e-01
   1.0300000e+03   2.4433148e-01
   1.0310000e+03   2.2197650e-01
   1.0320000e+03   2.0194016e-01
   1.0330000e+03   1.7413236e-01
   1.0340000e+03   1.6133099e-01
   1.0350000e+03   1.6032226e-01
   1.0360000e+03   1.5439052e-01
   1.0370000e+03   1.3770412e-01
   1.0380000e+03   1.2448326e-01
   1.0390000e+03   1.3320588e-01
   1.0400000e+03   1.2543373e-01
   1.0410000e+03   1.2129448e-01
   1.0420000e+03   1.3400878e-01
   1.0430000e+03   1.3107721e-01
   1.0440000e+03   1.3333831e-01
   1.0450000e+03   1.3391186e-01
   1.0460000e+03   1.2630228e-01
   1.0470000e+03   1.2638541e-01
   1.0480000e+03   1.3156825e-01
   1.0490000e+03   1.3542589e-01
   1.0500000e+03   1.2805525e-01
   1.0510000e+03   1.1758974e-01
   1.0520000e+03   1.0874123e-01
   1.0530000e+03   1.0383765e-01
   1.0540000e+03   9.3369551e-02
   1.0550000e+03   6.7605754e-02
   1.0560000e+03   6.9604785e-02
   1.0570000e+03   6.7499472e-02
   1.0580000e+03   6.1234018e-02
   1.0590000e+03   6.6938683e-02
   1.0600000e+03   7.0210936e-02
   1.0610000e+03   7.5209620e-02
   1.0620000e+03   7.4349854e-02
   1.0630000e+03   7.8379183e-02
   1.0640000e+03   8.6648990e-02
   1.0650000e+03   8.0255696e-02
   1.0660000e+03   8.2223536e-02
   1.0670000e+03   1.0076218e-01
   1.0680000e+03   1.2533048e-01
   1.0690000e+03   1.1972186e-01
   1.0700000e+03   1.3604543e-01
   1.0710000e+03   1.6145609e-01
   1.0720000e+03   1.7903962e-01
   1.0730000e+03   1.9786831e-01
   1.0740000e+03   2.1114307e-01
   1.0750000e+03   2.1964929e-01
   1.0760000e+03   2.3245090e-01
   1.0770000e+03   2.4285739e-01
   1.0780000e+03   2.5031420e-01
   1.0790000e+03   2.6092824e-01
   1.0800000e+03   2.6544656e-01
   1.0810000e+03   2.6277740e-01
   1.0820000e+03   2.5801711e-01
   1.0830000e+03   2.4456133e-01
   1.0840000e+03   2.2305351e-01
   1.0850000e+03   2.0047218e-01
   1.0860000e+03   1.8730472e-01
   1.0870000e+03   1.8095398e-01
   1.0880000e+03   1.7910486e-01
   1.0890000e+03   1.7884264e-01
   1.0900000e+03   1.8384992e-01
   1.0910000e+03   1.8631529e-01
   1.0920000e+03   1.9412433e-01
   1.0930000e+03   2.1836574e-01
   1.0940000e+03   2.4374538e-01
   1.0950000e+03   2.3254988e-01
   1.0960000e+03   2.3948144e-01
   1.0970000e+03   2.4613702e-01
   1.0980000e+03   2.4172874e-01
   1.0990000e+03   2.5318748e-01
   1.1000000e+03   2.6452664e-01
   1.1010000e+03   2.6803150e-01
   1.1020000e+03   2.8033341e-01
   1.1030000e+03   2.9244242e-01
   1.1040000e+03   3.0551196e-01
   1.1050000e+03   3.1636062e-01
   1.1060000e+03   3.1346987e-01
   1.1070000e+03   3.1061470e-01
   1.1080000e+03   3.2021654e-01
   1.1090000e+03   3.2936964e-01
   1.1100000e+03   3.4168536e-01
   1.1110000e+03   3.5979443e-01
   1.1120000e+03   3.7769733e-01
   1.1130000e+03   3.8535230e-01
   1.1140000e+03   3.8459929e-01
   1.1150000e+03   3.8848579e-01
   1.1160000e+03   4.0074854e-01
   1.1170000e+03   4.1111934e-01
   1.1180000e+03   4.0374618e-01
   1.1190000e+03   4.0886605e-01
   1.1200000e+03   4.1936467e-01
   1.1210000e+03   4.2717782e-01
   1.1220000e+03   4.2479703e-01
   1.1230000e+03   4.2514115e-01
   1.1240000e+03   4.1158905e-01
   1.1250000e+03   3.7532545e-01
   1.1260000e+03   3.4829426e-01
   1.1270000e+03   3.3271792e-01
   1.1280000e+03   3.2160481e-01
   1.1290000e+03   3.0860328e-01
   1.1300000e+03   3.0310088e-01
   1.1310000e+03   3.0770063e-01
   1.1320000e+03   3.1231635e-01
   1.1330000e+03   3.0047812e-01
   1.1340000e+03   2.8206308e-01
   1.1350000e+03   2.8300766e-01
   1.1360000e+03   2.8424049e-01
   1.1370000e+03   2.8660528e-01
   1.1380000e+03   2.8184758e-01
   1.1390000e+03   2.6928542e-01
   1.1400000e+03   2.5566998e-01
   1.1410000e+03   2.4482293e-01
   1.1420000e+03   2.3562583e-01
   1.1430000e+03   2.2409494e-01
   1.1440000e+03   2.1425793e-01
   1.1450000e+03   2.0481053e-01
   1.1460000e+03   1.9320808e-01
   1.1470000e+03   1.8136962e-01
   1.1480000e+03   1.6566047e-01
   1.1490000e+03   1.6692081e-01
   1.1500000e+03   1.6283279e-01
   1.1510000e+03   1.4487725e-01
   1.1520000e+03   1.3924897e-01
   1.1530000e+03   1.2940247e-01
   1.1540000e+03   1.1425679e-01
   1.1550000e+03   1.1021817e-01
   1.1560000e+03   9.7101052e-02
   1.1570000e+03   8.1290351e-02
   1.1580000e+03   8.1758649e-02
   1.1590000e+03   7.9537562e-02
   1.1600000e+03   7.7929718e-02
   1.1610000e+03   8.4332888e-02
   1.1620000e+03   7.9536529e-02
   1.1630000e+03   7.8674521e-02
   1.1640000e+03   8.2083658e-02
   1.1650000e+03   8.6203509e-02
   1.1660000e+03   8.6907857e-02
   1.1670000e+03   8.9119767e-02
   1.1680000e+03   9.7518639e-02
   1.1690000e+03   9.8739535e-02
   1.1700000e+03   1.0656664e-01
   1.1710000e+03   1.2329006e-01
   1.1720000e+03   1.2917353e-01
   1.1730000e+03   1.3595513e-01
   1.1740000e+03   1.5442540e-01
   1.1750000e+03   1.6885903e-01
   1.1760000e+03   1.7850617e-01
   1.1770000e+03   1.8825192e-01
   1.1780000e+03   1.9672676e-01
   1.1790000e+03   1.8612386e-01
   1.1800000e+03   1.7679773e-01
   1.1810000e+03   1.7934045e-01
   1.1820000e+03   1.7615988e-01
   1.1830000e+03   1.6763800e-01
   1.1840000e+03   1.5716785e-01
   1.1850000e+03   1.6535666e-01
   1.1860000e+03   1.6423000e-01
   1.1870000e+03   1.5377378e-01
   1.1880000e+03   1.5718305e-01
   1.1890000e+03   1.4641754e-01
   1.1900000e+03   1.3656848e-01
   1.1910000e+03   1.4018789e-01
   1.1920000e+03   1.3499348e-01
   1.1930000e+03   1.3558939e-01
   1.1940000e+03   1.4669034e-01
   1.1950000e+03   1.5040547e-01
   1.1960000e+03   1.5032513e-01
   1.1970000e+03   1.4322772e-01
   1.1980000e+03   1.5321402e-01
   1.1990000e+03   1.5593904e-01
   1.2000000e+03   1.5642059e-01
   1.2010000e+03   1.6277756e-01
   1.2020000e+03   1.6570061e-01
   1.2030000e+03   1.6388550e-01
   1.2040000e+03   1.6639346e-01
   1.2050000e+03   1.8507409e-01
   1.2060000e+03   1.9767945e-01
   1.2070000e+03   2.0514154e-01
   1.2080000e+03   2.0025208e-01
   1.2090000e+03   2.0116845e-01
   1.2100000e+03   2.0489944e-01
   1.2110000e+03   1.9840162e-01
   1.2120000e+03   1.8897219e-01
   1.2130000e+03   1.8636376e-01
   1.2140000e+03   1.8011856e-01
   1.2150000e+03   1.8010190e-01
   1.2160000e+03   1.8485601e-01
   1.2170000e+03   1.8995566e-01
   1.2180000e+03   1.9710559e-01
   1.2190000e+03   2.2405346e-01
   1.2200000e+03   2.5423286e-01
   1.2210000e+03   2.6445076e-01
   1.2220000e+03   2.9031498e-01
   1.2230000e+03   3.1895929e-01
   1.2240000e+03   3.4748521e-01
   1.2250000e+03   3.6884608e-01
   1.2260000e+03   3.8617063e-01
   1.2270000e+03   3.9349124e-01
   1.2280000e+03   4.0429083e-01
   1.2290000e+03   4.2426684e-01
   1.2300000e+03   4.4093079e-01
   1.2310000e+03   4.4009854e-01
   1.2320000e+03   4.4886138e-01
   1.2330000e+03   4.5414726e-01
   1.2340000e+03   4.5354325e-01
   1.2350000e+03   4.4819622e-01
   1.2360000e+03   4.4837845e-01
   1.2370000e+03   4.4985604e-01
   1.2380000e+03   4.2999191e-01
   1.2390000e+03   4.0686351e-01
   1.2400000e+03   3.8999004e-01
   1.2410000e+03   3.8294201e-01
   1.2420000e+03   3.8073146e-01
   1.2430000e+03   3.7934361e-01
   1.2440000e+03   3.6784810e-01
   1.2450000e+03   3.5431589e-01
   1.2460000e+03   3.5611699e-01
   1.2470000e+03   3.5426858e-01
   1.2480000e+03   3.3472895e-01
   1.2490000e+03   3.2716191e-01
   1.2500000e+03   3.1782252e-01
   1.2510000e+03   3.1107443e-01
   1.2520000e+03   3.1273718e-01
   1.2530000e+03   3.0173893e-01
   1.2540000e+03   2.8944226e-01
   1.2550000e+03   2.9892440e-01
   1.2560000e+03   2.8977250e-01
   1.2570000e+03   2.7608162e-01
   1.2580000e+03   2.7008586e-01
   1.2590000e+03   2.6508611e-01
   1.2600000e+03   2.6393575e-01
   1.2610000e+03   2.6840894e-01
   1.2620000e+03   2.7792658e-01
   1.2630000e+03   2.7055912e-01
   1.2640000e+03   2.5248686e-01
   1.2650000e+03   2.4991734e-01
   1.2660000e+03   2.5546863e-01
   1.2670000e+03   2.5744848e-01
   1.2680000e+03   2.5110938e-01
   1.2690000e+03   2.5400359e-01
   1.2700000e+03   2.5297158e-01
   1.2710000e+03   2.5828146e-01
   1.2720000e+03   2.7309112e-01
   1.2730000e+03   2.7423176e-01
   1.2740000e+03   2.7288520e-01
   1.2750000e+03   2.9212144e-01
   1.2760000e+03   3.1454404e-01
   1.2770000e+03   3.3720373e-01
   1.2780000e+03   3.4642514e-01
   1.2790000e+03   3.6527805e-01
   1.2800000e+03   3.9770131e-01
   1.2810000e+03   4.3576560e-01
   1.2820000e+03   4.6233769e-01
   1.2830000e+03   5.0669410e-01
   1.2840000e+03   5.5227837e-01
   1.2850000e+03   5.8501581e-01
   1.2860000e+03   6.2387164e-01
   1.2870000e+03   6.6619374e-01
   1.2880000e+03   7.1501987e-01
   1.2890000e+03   7.5478427e-01
   1.2900000e+03   7.9035168e-01
   1.2910000e+03   8.3151277e-01
   1.2920000e+03   8.7040287e-01
   1.2930000e+03   9.1096879e-01
   1.2940000e+03   9.5169157e-01
   1.2950000e+03   9.9205527e-01
   1.2960000e+03   1.0339785e+00
   1.2970000e+03   1.0696913e+00
   1.2980000e+03   1.1020887e+00
   1.2990000e+03   1.1687476e+00
   1.3000000e+03   1.2472817e+00
   1.3010000e+03   1.3276128e+00
   1.3020000e+03   1.4076825e+00
   1.3030000e+03   1.5128852e+00
   1.3040000e+03   1.6334933e+00
   1.3050000e+03   1.7747957e+00
   1.3060000e+03   1.9571802e+00
   1.3070000e+03   2.1480432e+00
   1.3080000e+03   2.3576467e+00
   1.3090000e+03   2.5651780e+00
   1.3100000e+03   2.7517232e+00
   1.3110000e+03   2.9304939e+00
   1.3120000e+03   3.1196948e+00
   1.3130000e+03   3.2895576e+00
   1.3140000e+03   3.4270127e+00
   1.3150000e+03   3.5316697e+00
   1.3160000e+03   3.5930319e+00
   1.3170000e+03   3.6308903e+00
   1.3180000e+03   3.6371524e+00
   1.3190000e+03   3.5981578e+00
   1.3200000e+03   3.5522911e+00
   1.3210000e+03   3.4889067e+00
   1.3220000e+03   3.3828614e+00
   1.3230000e+03   3.2461037e+00
   1.3240000e+03   3.1151378e+00
   1.3250000e+03   2.9748438e+00
   1.3260000e+03   2.8086357e+00
   1.3270000e+03   2.6663295e+00
   1.3280000e+03   2.5308062e+00
   1.3290000e+03   2.3935955e+00
   1.3300000e+03   2.2531266e+00
   1.3310000e+03   2.1368109e+00
   1.3320000e+03   2.0439401e+00
   1.3330000e+03   1.9340147e+00
   1.3340000e+03   1.8278425e+00
   1.3350000e+03   1.7355427e+00
   1.3360000e+03   1.6765910e+00
   1.3370000e+03   1.6182560e+00
   1.3380000e+03   1.5605098e+00
   1.3390000e+03   1.5113364e+00
   1.3400000e+03   1.4889081e+00
   1.3410000e+03   1.4499881e+00
   1.3420000e+03   1.4148386e+00
   1.3430000e+03   1.4327804e+00
   1.3440000e+03   1.4302520e+00
   1.3450000e+03   1.4260940e+00
   1.3460000e+03   1.4451598e+00
   1.3470000e+03   1.4698596e+00
   1.3480000e+03   1.4987981e+00
   1.3490000e+03   1.5362217e+00
   1.3500000e+03   1.5891233e+00
   1.3510000e+03   1.6379827e+00
   1.3520000e+03   1.6853905e+00
   1.3530000e+03   1.7367588e+00
   1.3540000e+03   1.8003558e+00
   1.3550000e+03   1.8631056e+00
   1.3560000e+03   1.9241566e+00
   1.3570000e+03   1.9736152e+00
   1.3580000e+03   2.0181563e+00
   1.3590000e+03   2.0548489e+00
   1.3600000e+03   2.0901436e+00
   1.3610000e+03   2.1135280e+00
   1.3620000e+03   2.1273989e+00
   1.3630000e+03   2.1245390e+00
   1.3640000e+03   2.1147045e+00
   1.3650000e+03   2.1000768e+00
   1.3660000e+03   2.0823418e+00
   1.3670000e+03   2.0493746e+00
   1.3680000e+03   2.0277896e+00
   1.3690000e+03   2.0072206e+00
   1.3700000e+03   1.9662756e+00
   1.3710000e+03   1.9176637e+00
   1.3720000e+03   1.8624184e+00
   1.3730000e+03   1.8045085e+00
   1.3740000e+03   1.7475616e+00
   1.3750000e+03   1.6706265e+00
   1.3760000e+03   1.5851605e+00
   1.3770000e+03   1.5270433e+00
   1.3780000e+03   1.4629082e+00
   1.3790000e+03   1.4098016e+00
   1.3800000e+03   1.3758490e+00
   1.3810000e+03   1.3340549e+00
   1.3820000e+03   1.3011678e+00
   1.3830000e+03   1.2740862e+00
   1.3840000e+03   1.2313201e+00
   1.3850000e+03   1.2036655e+00
   1.3860000e+03   1.1814495e+00
   1.3870000e+03   1.1499639e+00
   1.3880000e+03   1.1244057e+00
   1.3890000e+03   1.1019013e+00
   1.3900000e+03   1.0844083e+00
   1.3910000e+03   1.0593242e+00
   1.3920000e+03   1.0329112e+00
   1.3930000e+03   1.0064831e+00
   1.3940000e+03   9.8589451e-01
   1.3950000e+03   9.6599768e-01
   1.3960000e+03   9.4600133e-01
   1.3970000e+03   9.2571021e-01
   1.3980000e+03   9.1863082e-01
   1.3990000e+03   9.1255312e-01
   1.4000000e+03   9.1341889e-01
   1.4010000e+03   9.2916027e-01
   1.4020000e+03   9.1782174e-01
   1.4030000e+03   9.1137577e-01
   1.4040000e+03   9.1807826e-01
   1.4050000e+03   9.2222152e-01
   1.4060000e+03   9.2520709e-01
   1.4070000e+03   9.2874452e-01
   1.4080000e+03   9.3044031e-01
   1.4090000e+03   9.2742994e-01
   1.4100000e+03   9.2953430e-01
   1.4110000e+03   9.2925723e-01
   1.4120000e+03   9.0139205e-01
   1.4130000e+03   8.8276007e-01
   1.4140000e+03   8.6658737e-01
   1.4150000e+03   8.5087360e-01
   1.4160000e+03   8.2860108e-01
   1.4170000e+03   8.0296352e-01
   1.4180000e+03   7.7681355e-01
   1.4190000e+03   7.4455441e-01
   1.4200000e+03   7.1490031e-01
   1.4210000e+03   6.8964933e-01
   1.4220000e+03   6.5840013e-01
   1.4230000e+03   6.2983643e-01
   1.4240000e+03   6.0550382e-01
   1.4250000e+03   5.8710769e-01
   1.4260000e+03   5.7427809e-01
   1.4270000e+03   5.6303383e-01
   1.4280000e+03   5.4390001e-01
   1.4290000e+03   5.3061044e-01
   1.4300000e+03   5.2964165e-01
   1.4310000e+03   5.3556036e-01
   1.4320000e+03   5.2973735e-01
   1.4330000e+03   5.2765828e-01
   1.4340000e+03   5.3001736e-01
   1.4350000e+03   5.3453082e-01
   1.4360000e+03   5.4355720e-01
   1.4370000e+03   5.5389221e-01
   1.4380000e+03   5.6747822e-01
   1.4390000e+03   5.7750931e-01
   1.4400000e+03   5.9333713e-01
   1.4410000e+03   6.0900010e-01
   1.4420000e+03   6.1216487e-01
   1.4430000e+03   6.2887492e-01
   1.4440000e+03   6.4577435e-01
   1.4450000e+03   6.5809658e-01
   1.4460000e+03   6.8149587e-01
   1.4470000e+03   7.0144296e-01
   1.4480000e+03   7.2817642e-01
   1.4490000e+03   7.8018017e-01
   1.4500000e+03   8.0736182e-01
   1.4510000e+03   8.3445816e-01
   1.4520000e+03   8.7268572e-01
   1.4530000e+03   9.2028247e-01
   1.4540000e+03   9.5874420e-01
   1.4550000e+03   1.0006536e+00
   1.4560000e+03   1.0615144e+00
   1.4570000e+03   1.1300594e+00
   1.4580000e+03   1.2094649e+00
   1.4590000e+03   1.3002777e+00
   1.4600000e+03   1.4178440e+00
   1.4610000e+03   1.5507952e+00
   1.4620000e+03   1.6967761e+00
   1.4630000e+03   1.8486607e+00
   1.4640000e+03   2.0356274e+00
   1.4650000e+03   2.2492426e+00
   1.4660000e+03   2.4921484e+00
   1.4670000e+03   2.7680872e+00
   1.4680000e+03   3.0793232e+00
   1.4690000e+03   3.4225592e+00
   1.4700000e+03   3.8167489e+00
   1.4710000e+03   4.2613738e+00
   1.4720000e+03   4.7393572e+00
   1.4730000e+03   5.2615257e+00
   1.4740000e+03   5.8327172e+00
   1.4750000e+03   6.4122994e+00
   1.4760000e+03   6.9952820e+00
   1.4770000e+03   7.5806624e+00
   1.4780000e+03   8.1417314e+00
   1.4790000e+03   8.6479508e+00
   1.4800000e+03   9.0560930e+00
   1.4810000e+03   9.3967455e+00
   1.4820000e+03   9.6118471e+00
   1.4830000e+03   9.6837531e+00
   1.4840000e+03   9.5587253e+00
   1.4850000e+03   9.3235360e+00
   1.4860000e+03   8.9937372e+00
   1.4870000e+03   8.5666098e+00
   1.4880000e+03   8.0197843e+00
   1.4890000e+03   7.4580758e+00
   1.4900000e+03   6.8824760e+00
   1.4910000e+03   6.2811646e+00
   1.4920000e+03   5.7086416e+00
   1.4930000e+03   5.1594873e+00
   1.4940000e+03   4.6562850e+00
   1.4950000e+03   4.1948105e+00
   1.4960000e+03   3.7807064e+00
   1.4970000e+03   3.4147087e+00
   1.4980000e+03   3.1078275e+00
   1.4990000e+03   2.8313571e+00
   1.5000000e+03   2.5866250e+00
   1.5010000e+03   2.3955766e+00
   1.5020000e+03   2.2371609e+00
   1.5030000e+03   2.1082457e+00
   1.5040000e+03   2.0084966e+00
   1.5050000e+03   1.9215355e+00
   1.5060000e+03   1.8527273e+00
   1.5070000e+03   1.8015226e+00
   1.5080000e+03   1.7786177e+00
   1.5090000e+03   1.7699484e+00
   1.5100000e+03   1.7805683e+00
   1.5110000e+03   1.8164361e+00
   1.5120000e+03   1.8601021e+00
   1.5130000e+03   1.9173158e+00
   1.5140000e+03   1.9904173e+00
   1.5150000e+03   2.0896695e+00
   1.5160000e+03   2.2266096e+00
   1.5170000e+03   2.3818194e+00
   1.5180000e+03   2.5592793e+00
   1.5190000e+03   2.7848908e+00
   1.5200000e+03   3.0070001e+00
   1.5210000e+03   3.2331805e+00
   1.5220000e+03   3.4648313e+00
   1.5230000e+03   3.7246591e+00
   1.5240000e+03   3.9704632e+00
   1.5250000e+03   4.1893000e+00
   1.5260000e+03   4.3916835e+00
   1.5270000e+03   4.5214969e+00
   1.5280000e+03   4.6029508e+00
   1.5290000e+03   4.6363339e+00
   1.5300000e+03   4.6100048e+00
   1.5310000e+03   4.5414385e+00
   1.5320000e+03   4.4357281e+00
   1.5330000e+03   4.2896804e+00
   1.5340000e+03   4.1157688e+00
   1.5350000e+03   3.9189835e+00
   1.5360000e+03   3.7209846e+00
   1.5370000e+03   3.5246559e+00
   1.5380000e+03   3.3297362e+00
   1.5390000e+03   3.1322836e+00
   1.5400000e+03   2.9091545e+00
   1.5410000e+03   2.7008924e+00
   1.5420000e+03   2.5107169e+00
   1.5430000e+03   2.3265502e+00
   1.5440000e+03   2.1879937e+00
   1.5450000e+03   2.0638343e+00
   1.5460000e+03   1.9358876e+00
   1.5470000e+03   1.8409796e+00
   1.5480000e+03   1.7881379e+00
   1.5490000e+03   1.7526845e+00
   1.5500000e+03   1.7106923e+00
   1.5510000e+03   1.7144960e+00
   1.5520000e+03   1.7311658e+00
   1.5530000e+03   1.7633649e+00
   1.5540000e+03   1.8002456e+00
   1.5550000e+03   1.8589894e+00
   1.5560000e+03   1.9539514e+00
   1.5570000e+03   2.0979938e+00
   1.5580000e+03   2.2323734e+00
   1.5590000e+03   2.3678863e+00
   1.5600000e+03   2.5117191e+00
   1.5610000e+03   2.6839181e+00
   1.5620000e+03   2.8446128e+00
   1.5630000e+03   3.0033376e+00
   1.5640000e+03   3.1608803e+00
   1.5650000e+03   3.3298963e+00
   1.5660000e+03   3.5117418e+00
   1.5670000e+03   3.6989556e+00
   1.5680000e+03   3.8951910e+00
   1.5690000e+03   4.0763363e+00
   1.5700000e+03   4.2405847e+00
   1.5710000e+03   4.3884800e+00
   1.5720000e+03   4.4855799e+00
   1.5730000e+03   4.5516016e+00
   1.5740000e+03   4.5683357e+00
   1.5750000e+03   4.5036181e+00
   1.5760000e+03   4.4010267e+00
   1.5770000e+03   4.2679712e+00
   1.5780000e+03   4.1075882e+00
   1.5790000e+03   3.9296755e+00
   1.5800000e+03   3.7382922e+00
   1.5810000e+03   3.5443042e+00
   1.5820000e+03   3.3583413e+00
   1.5830000e+03   3.1920137e+00
   1.5840000e+03   3.0445376e+00
   1.5850000e+03   2.9168295e+00
   1.5860000e+03   2.8136446e+00
   1.5870000e+03   2.7244048e+00
   1.5880000e+03   2.6454184e+00
   1.5890000e+03   2.6175489e+00
   1.5900000e+03   2.6026750e+00
   1.5910000e+03   2.6096399e+00
   1.5920000e+03   2.6501952e+00
   1.5930000e+03   2.7096949e+00
   1.5940000e+03   2.7797979e+00
   1.5950000e+03   2.8509773e+00
   1.5960000e+03   2.9180858e+00
   1.5970000e+03   2.9818637e+00
   1.5980000e+03   3.0362266e+00
   1.5990000e+03   3.0626954e+00
   1.6000000e+03   3.0797655e+00
   1.6010000e+03   3.0982891e+00
   1.6020000e+03   3.0969695e+00
   1.6030000e+03   3.0737363e+00
   1.6040000e+03   3.0422185e+00
   1.6050000e+03   3.0118006e+00
   1.6060000e+03   2.9760659e+00
   1.6070000e+03   2.9044359e+00
   1.6080000e+03   2.8504372e+00
   1.6090000e+03   2.7986867e+00
   1.6100000e+03   2.7248543e+00
   1.6110000e+03   2.6810303e+00
   1.6120000e+03   2.6558900e+00
   1.6130000e+03   2.6405567e+00
   1.6140000e+03   2.6250592e+00
   1.6150000e+03   2.6017726e+00
   1.6160000e+03   2.5748903e+00
   1.6170000e+03   2.5550963e+00
   1.6180000e+03   2.5275146e+00
   1.6190000e+03   2.4768591e+00
   1.6200000e+03   2.4050623e+00
   1.6210000e+03   2.3644659e+00
   1.6220000e+03   2.3135199e+00
   1.6230000e+03   2.2636005e+00
   1.6240000e+03   2.2325555e+00
   1.6250000e+03   2.1638419e+00
   1.6260000e+03   2.1103853e+00
   1.6270000e+03   2.0877227e+00
   1.6280000e+03   2.0491087e+00
   1.6290000e+03   2.0272921e+00
   1.6300000e+03   2.0060484e+00
   1.6310000e+03   1.9781813e+00
   1.6320000e+03   1.9609747e+00
   1.6330000e+03   1.9457932e+00
   1.6340000e+03   1.9375427e+00
   1.6350000e+03   1.9393500e+00
   1.6360000e+03   1.9176213e+00
   1.6370000e+03   1.8933010e+00
   1.6380000e+03   1.8914940e+00
   1.6390000e+03   1.9198629e+00
   1.6400000e+03   1.9244458e+00
   1.6410000e+03   1.9000541e+00
   1.6420000e+03   1.8780946e+00
   1.6430000e+03   1.8560803e+00
   1.6440000e+03   1.8434790e+00
   1.6450000e+03   1.8367443e+00
   1.6460000e+03   1.8120225e+00
   1.6470000e+03   1.7928894e+00
   1.6480000e+03   1.7741443e+00
   1.6490000e+03   1.7500741e+00
   1.6500000e+03   1.7312356e+00
   1.6510000e+03   1.7134764e+00
   1.6520000e+03   1.6891805e+00
   1.6530000e+03   1.6543168e+00
   1.6540000e+03   1.6348558e+00
   1.6550000e+03   1.6235164e+00
   1.6560000e+03   1.5970271e+00
   1.6570000e+03   1.5757212e+00
   1.6580000e+03   1.5469386e+00
   1.6590000e+03   1.5219850e+00
   1.6600000e+03   1.4863084e+00
   1.6610000e+03   1.4396722e+00
   1.6620000e+03   1.4028455e+00
   1.6630000e+03   1.3784626e+00
   1.6640000e+03   1.3373314e+00
   1.6650000e+03   1.3053346e+00
   1.6660000e+03   1.2773110e+00
   1.6670000e+03   1.2517565e+00
   1.6680000e+03   1.2216678e+00
   1.6690000e+03   1.1874077e+00
   1.6700000e+03   1.1647546e+00
   1.6710000e+03   1.1410437e+00
   1.6720000e+03   1.1058487e+00
   1.6730000e+03   1.0643593e+00
   1.6740000e+03   1.0198740e+00
   1.6750000e+03   9.8923388e-01
   1.6760000e+03   9.6540656e-01
   1.6770000e+03   9.5109407e-01
   1.6780000e+03   9.2821245e-01
   1.6790000e+03   9.1562197e-01
   1.6800000e+03   9.0209156e-01
   1.6810000e+03   8.6771693e-01
   1.6820000e+03   8.5933613e-01
   1.6830000e+03   8.4778428e-01
   1.6840000e+03   8.4140603e-01
   1.6850000e+03   8.2981963e-01
   1.6860000e+03   8.1830845e-01
   1.6870000e+03   8.0569006e-01
   1.6880000e+03   7.8686163e-01
   1.6890000e+03   7.6743948e-01
   1.6900000e+03   7.5130190e-01
   1.6910000e+03   7.4068351e-01
   1.6920000e+03   7.2387989e-01
   1.6930000e+03   7.2205124e-01
   1.6940000e+03   7.1390177e-01
   1.6950000e+03   6.9289760e-01
   1.6960000e+03   6.8493672e-01
   1.6970000e+03   6.6501811e-01
   1.6980000e+03   6.4904550e-01
   1.6990000e+03   6.3960957e-01
   1.7000000e+03   6.2914090e-01
   1.7010000e+03   6.1303623e-01
   1.7020000e+03   5.9001052e-01
   1.7030000e+03   5.7402095e-01
   1.7040000e+03   5.5551090e-01
   1.7050000e+03   5.4257578e-01
   1.7060000e+03   5.2895445e-01
   1.7070000e+03   5.0347666e-01
   1.7080000e+03   4.8907680e-01
   1.7090000e+03   4.8136995e-01
   1.7100000e+03   4.5807363e-01
   1.7110000e+03   4.4548994e-01
   1.7120000e+03   4.3212976e-01
   1.7130000e+03   4.1125772e-01
   1.7140000e+03   4.0439000e-01
   1.7150000e+03   3.9669042e-01
   1.7160000e+03   3.8767516e-01
   1.7170000e+03   3.6710577e-01
   1.7180000e+03   3.6067291e-01
   1.7190000e+03   3.5713805e-01
   1.7200000e+03   3.4859204e-01
   1.7210000e+03   3.3339639e-01
   1.7220000e+03   3.2147112e-01
   1.7230000e+03   3.0898507e-01
   1.7240000e+03   3.0201619e-01
   1.7250000e+03   2.8170303e-01
   1.7260000e+03   2.6969549e-01
   1.7270000e+03   2.7070932e-01
   1.7280000e+03   2.5341464e-01
   1.7290000e+03   2.3879883e-01
   1.7300000e+03   2.2745743e-01
   1.7310000e+03   2.1926158e-01
   1.7320000e+03   2.1492127e-01
   1.7330000e+03   2.1687646e-01
   1.7340000e+03   2.2088730e-01
   1.7350000e+03   2.0429116e-01
   1.7360000e+03   1.8908509e-01
   1.7370000e+03   1.8029816e-01
   1.7380000e+03   1.7499913e-01
   1.7390000e+03   1.7007047e-01
   1.7400000e+03   1.6100430e-01
   1.7410000e+03   1.4912884e-01
   1.7420000e+03   1.3703003e-01
   1.7430000e+03   1.3898382e-01
   1.7440000e+03   1.3651359e-01
   1.7450000e+03   1.2851737e-01
   1.7460000e+03   1.3147878e-01
   1.7470000e+03   1.2367430e-01
   1.7480000e+03   1.2348538e-01
   1.7490000e+03   1.3149057e-01
   1.7500000e+03   1.1462213e-01
   1.7510000e+03   1.1763873e-01
   1.7520000e+03   1.2551576e-01
   1.7530000e+03   1.0886474e-01
   1.7540000e+03   1.0660703e-01
   1.7550000e+03   1.0788419e-01
   1.7560000e+03   1.1138546e-01
   1.7570000e+03   1.0542744e-01
   1.7580000e+03   1.0491208e-01
   1.7590000e+03   1.0619150e-01
   1.7600000e+03   1.1048808e-01
   1.7610000e+03   1.1441416e-01
   1.7620000e+03   1.0608828e-01
   1.7630000e+03   9.2127594e-02
   1.7640000e+03   8.9428007e-02
   1.7650000e+03   8.4966430e-02
   1.7660000e+03   7.7112733e-02
   1.7670000e+03   6.7362614e-02
   1.7680000e+03   5.7057545e-02
   1.7690000e+03   5.0239974e-02
   1.7700000e+03   4.7272880e-02
   1.7710000e+03   4.9935694e-02
   1.7720000e+03   5.3549544e-02
   1.7730000e+03   5.3604776e-02
   1.7740000e+03   4.5861639e-02
   1.7750000e+03   5.6223045e-02
   1.7760000e+03   4.6684433e-02
   1.7770000e+03   4.3734127e-02
   1.7780000e+03   5.5838714e-02
   1.7790000e+03   4.1126600e-02
   1.7800000e+03   3.6282365e-02
   1.7810000e+03   3.6949559e-02
   1.7820000e+03   3.2704310e-02
   1.7830000e+03   3.4416031e-02
   1.7840000e+03   3.2063409e-02
   1.7850000e+03   2.3061398e-02
   1.7860000e+03   3.5093646e-02
   1.7870000e+03   3.4301375e-02
   1.7880000e+03   3.3139265e-02
   1.7890000e+03   2.9584502e-02
   1.7900000e+03   2.6100400e-02
   1.7910000e+03   2.5401258e-02
   1.7920000e+03   2.6170251e-02
   1.7930000e+03   1.8648855e-02
   1.7940000e+03   1.9546905e-02
   1.7950000e+03   1.9135462e-02
   1.7960000e+03   1.9933235e-02
   1.7970000e+03   2.7304927e-02
   1.7980000e+03   2.8653219e-02
   1.7990000e+03   2.8083081e-02
