   5.0100000e+02   1.1007181e-01
   5.0200000e+02   1.2369310e-01
   5.0300000e+02   1.3657701e-01
   5.0400000e+02   1.3144400e-01
   5.0500000e+02   1.1228450e-01
   5.0600000e+02   1.0459659e-01
   5.0700000e+02   8.6667354e-02
   5.0800000e+02   6.3375969e-02
   5.0900000e+02   8.0427603e-02
   5.1000000e+02   9.6654274e-02
   5.1100000e+02   9.2859110e-02
   5.1200000e+02   9.9016031e-02
   5.1300000e+02   1.0641889e-01
   5.1400000e+02   1.2137106e-01
   5.1500000e+02   1.3031458e-01
   5.1600000e+02   1.2135380e-01
   5.1700000e+02   1.0390897e-01
   5.1800000e+02   1.2740777e-01
   5.1900000e+02   1.2146083e-01
   5.2000000e+02   8.0150170e-02
   5.2100000e+02   5.8371949e-02
   5.2200000e+02   6.0875315e-02
   5.2300000e+02   8.1020811e-02
   5.2400000e+02   6.5368224e-02
   5.2500000e+02   5.3938035e-02
   5.2600000e+02   6.3506555e-02
   5.2700000e+02   5.9513132e-02
   5.2800000e+02   6.8140777e-02
   5.2900000e+02   7.8772237e-02
   5.3000000e+02   6.6997923e-02
   5.3100000e+02   6.6737670e-02
   5.3200000e+02   6.5976139e-02
   5.3300000e+02   6.4050621e-02
   5.3400000e+02   6.7159013e-02
   5.3500000e+02   5.9955784e-02
   5.3600000e+02   3.4214257e-02
   5.3700000e+02   1.9667450e-02
   5.3800000e+02   6.9784808e-03
   5.3900000e+02   6.3109819e-03
   5.4000000e+02   2.3039076e-03
   5.4100000e+02  -1.4507997e-03
   5.4200000e+02   1.9813585e-02
   5.4300000e+02   2.1096523e-02
   5.4400000e+02   6.9997126e-03
   5.4500000e+02  -5.3567349e-03
   5.4600000e+02   4.0991527e-03
   5.4700000e+02   1.7376094e-02
   5.4800000e+02   2.7590720e-02
   5.4900000e+02   3.2536457e-02
   5.5000000e+02   4.5575875e-02
   5.5100000e+02   7.5985002e-02
   5.5200000e+02   9.3040722e-02
   5.5300000e+02   9.3467051e-02
   5.5400000e+02   9.5606048e-02
   5.5500000e+02   1.0686657e-01
   5.5600000e+02   1.1683432e-01
   5.5700000e+02   1.2243024e-01
   5.5800000e+02   1.0600826e-01
   5.5900000e+02   9.0840800e-02
   5.6000000e+02   8.6280999e-02
   5.6100000e+02   7.6367898e-02
   5.6200000e+02   7.0992165e-02
   5.6300000e+02   7.5938348e-02
   5.6400000e+02   8.2222583e-02
   5.6500000e+02   9.2901192e-02
   5.6600000e+02   8.6012522e-02
   5.6700000e+02   8.7090562e-02
   5.6800000e+02   1.0350230e-01
   5.6900000e+02   1.1057954e-01
   5.7000000e+02   1.2267419e-01
   5.7100000e+02   1.2676206e-01
   5.7200000e+02   1.3263824e-01
   5.7300000e+02   1.5901498e-01
   5.7400000e+02   1.7635100e-01
   5.7500000e+02   1.9237176e-01
   5.7600000e+02   2.2534089e-01
   5.7700000e+02   2.5483617e-01
   5.7800000e+02   2.7079026e-01
   5.7900000e+02   2.7062622e-01
   5.8000000e+02   2.8039688e-01
   5.8100000e+02   2.8128469e-01
   5.8200000e+02   2.7802043e-01
   5.8300000e+02   2.8019576e-01
   5.8400000e+02   2.7891802e-01
   5.8500000e+02   2.6591935e-01
   5.8600000e+02   2.4681863e-01
   5.8700000e+02   2.2925063e-01
   5.8800000e+02   2.1422329e-01
   5.8900000e+02   2.0730553e-01
   5.9000000e+02   2.0666357e-01
   5.9100000e+02   2.0888868e-01
   5.9200000e+02   2.1247311e-01
   5.9300000e+02   2.2051807e-01
   5.9400000e+02   2.2931329e-01
   5.9500000e+02   2.2535025e-01
   5.9600000e+02   2.0356041e-01
   5.9700000e+02   1.9166930e-01
   5.9800000e+02   2.0881708e-01
   5.9900000e+02   1.9840607e-01
   6.0000000e+02   1.8837481e-01
   6.0100000e+02   1.8266114e-01
   6.0200000e+02   1.7709644e-01
   6.0300000e+02   1.8992709e-01
   6.0400000e+02   1.6795807e-01
   6.0500000e+02   1.5867533e-01
   6.0600000e+02   1.5878898e-01
   6.0700000e+02   1.2022517e-01
   6.0800000e+02   1.1543168e-01
   6.0900000e+02   1.0910731e-01
   6.1000000e+02   9.8193673e-02
   6.1100000e+02   1.1929994e-01
   6.1200000e+02   1.2016800e-01
   6.1300000e+02   1.2856727e-01
   6.1400000e+02   1.0804040e-01
   6.1500000e+02   6.8074943e-02
   6.1600000e+02   7.2959774e-02
   6.1700000e+02   6.9811048e-02
   6.1800000e+02   5.3940417e-02
   6.1900000e+02   4.8920095e-02
   6.2000000e+02   5.5484629e-02
   6.2100000e+02   4.9519528e-02
   6.2200000e+02   5.5594836e-02
   6.2300000e+02   6.5604381e-02
   6.2400000e+02   6.9342712e-02
   6.2500000e+02   8.3853775e-02
   6.2600000e+02   9.6828992e-02
   6.2700000e+02   9.0262202e-02
   6.2800000e+02   7.6628673e-02
   6.2900000e+02   8.1052799e-02
   6.3000000e+02   8.8669981e-02
   6.3100000e+02   8.6762675e-02
   6.3200000e+02   8.1202731e-02
   6.3300000e+02   6.7262347e-02
   6.3400000e+02   5.6956871e-02
   6.3500000e+02   6.1914588e-02
   6.3600000e+02   5.8802339e-02
   6.3700000e+02   5.6229674e-02
   6.3800000e+02   5.1259153e-02
   6.3900000e+02   4.6521236e-02
   6.4000000e+02   5.1541596e-02
   6.4100000e+02   5.9697604e-02
   6.4200000e+02   4.8523135e-02
   6.4300000e+02   3.7353272e-02
   6.4400000e+02   3.6126070e-02
   6.4500000e+02   4.0625916e-02
   6.4600000e+02   4.0904692e-02
   6.4700000e+02   3.8245902e-02
   6.4800000e+02   3.9322333e-02
   6.4900000e+02   2.8064477e-02
   6.5000000e+02   3.1159704e-02
   6.5100000e+02   4.0727647e-02
   6.5200000e+02   4.5263750e-02
   6.5300000e+02   5.1024513e-02
   6.5400000e+02   4.8222365e-02
   6.5500000e+02   5.2972381e-02
   6.5600000e+02   5.5737549e-02
   6.5700000e+02   6.3318769e-02
   6.5800000e+02   8.1602870e-02
   6.5900000e+02   1.0522257e-01
   6.6000000e+02   1.3569948e-01
   6.6100000e+02   1.6073494e-01
   6.6200000e+02   1.8457500e-01
   6.6300000e+02   2.1484099e-01
   6.6400000e+02   2.4387229e-01
   6.6500000e+02   2.7158524e-01
   6.6600000e+02   2.9524180e-01
   6.6700000e+02   3.1845790e-01
   6.6800000e+02   3.5232912e-01
   6.6900000e+02   3.9382014e-01
   6.7000000e+02   4.0796857e-01
   6.7100000e+02   4.0767049e-01
   6.7200000e+02   4.0489988e-01
   6.7300000e+02   3.9893412e-01
   6.7400000e+02   3.8309281e-01
   6.7500000e+02   3.5941004e-01
   6.7600000e+02   3.4883406e-01
   6.7700000e+02   3.2924689e-01
   6.7800000e+02   3.0449931e-01
   6.7900000e+02   2.9411056e-01
   6.8000000e+02   2.8250820e-01
   6.8100000e+02   2.8252211e-01
   6.8200000e+02   2.7606980e-01
   6.8300000e+02   2.6577634e-01
   6.8400000e+02   2.6082611e-01
   6.8500000e+02   2.5674846e-01
   6.8600000e+02   2.5617361e-01
   6.8700000e+02   2.6001791e-01
   6.8800000e+02   2.6557722e-01
   6.8900000e+02   2.6637125e-01
   6.9000000e+02   2.6218632e-01
   6.9100000e+02   2.5643196e-01
   6.9200000e+02   2.5055997e-01
   6.9300000e+02   2.4518495e-01
   6.9400000e+02   2.4470602e-01
   6.9500000e+02   2.4488300e-01
   6.9600000e+02   2.5154924e-01
   6.9700000e+02   2.3706249e-01
   6.9800000e+02   2.2844427e-01
   6.9900000e+02   2.2787618e-01
   7.0000000e+02   2.2240775e-01
   7.0100000e+02   2.1397081e-01
   7.0200000e+02   2.0655081e-01
   7.0300000e+02   1.9669753e-01
   7.0400000e+02   1.8491006e-01
   7.0500000e+02   1.7144294e-01
   7.0600000e+02   1.5848503e-01
   7.0700000e+02   1.6020827e-01
   7.0800000e+02   1.6875325e-01
   7.0900000e+02   1.6712123e-01
   7.1000000e+02   1.6198687e-01
   7.1100000e+02   1.6659015e-01
   7.1200000e+02   1.6610274e-01
   7.1300000e+02   1.5469008e-01
   7.1400000e+02   1.6133523e-01
   7.1500000e+02   1.7477866e-01
   7.1600000e+02   1.7609416e-01
   7.1700000e+02   1.7590703e-01
   7.1800000e+02   1.7515955e-01
   7.1900000e+02   1.7454418e-01
   7.2000000e+02   1.7312755e-01
   7.2100000e+02   1.6227401e-01
   7.2200000e+02   1.3834837e-01
   7.2300000e+02   1.1627228e-01
   7.2400000e+02   9.6490121e-02
   7.2500000e+02   8.4427653e-02
   7.2600000e+02   7.7056755e-02
   7.2700000e+02   5.6816976e-02
   7.2800000e+02   3.7732312e-02
   7.2900000e+02   4.9205037e-02
   7.3000000e+02   4.8064606e-02
   7.3100000e+02   3.3375475e-02
   7.3200000e+02   3.0653833e-02
   7.3300000e+02   3.1625715e-02
   7.3400000e+02   3.5171084e-02
   7.3500000e+02   3.5934578e-02
   7.3600000e+02   4.4773304e-02
   7.3700000e+02   4.9238537e-02
   7.3800000e+02   3.7304245e-02
   7.3900000e+02   4.2127461e-02
   7.4000000e+02   4.5885906e-02
   7.4100000e+02   4.6519048e-02
   7.4200000e+02   4.1014893e-02
   7.4300000e+02   3.2580385e-02
   7.4400000e+02   3.0016799e-02
   7.4500000e+02   3.0643583e-02
   7.4600000e+02   3.0948845e-02
   7.4700000e+02   2.7676762e-02
   7.4800000e+02   2.5968539e-02
   7.4900000e+02   3.2694009e-02
   7.5000000e+02   3.7799969e-02
   7.5100000e+02   3.8865260e-02
   7.5200000e+02   4.9517824e-02
   7.5300000e+02   7.3143162e-02
   7.5400000e+02   1.0244690e-01
   7.5500000e+02   1.1439638e-01
   7.5600000e+02   1.2136714e-01
   7.5700000e+02   1.1754684e-01
   7.5800000e+02   1.1299193e-01
   7.5900000e+02   1.0729567e-01
   7.6000000e+02   1.0652797e-01
   7.6100000e+02   1.2366021e-01
   7.6200000e+02   1.4162922e-01
   7.6300000e+02   1.4646051e-01
   7.6400000e+02   1.6182936e-01
   7.6500000e+02   1.7324553e-01
   7.6600000e+02   1.8086831e-01
   7.6700000e+02   2.1243105e-01
   7.6800000e+02   2.5191034e-01
   7.6900000e+02   2.9865690e-01
   7.7000000e+02   3.4836205e-01
   7.7100000e+02   3.8341797e-01
   7.7200000e+02   4.1382460e-01
   7.7300000e+02   4.3518285e-01
   7.7400000e+02   4.4281060e-01
   7.7500000e+02   4.4639765e-01
   7.7600000e+02   4.8268911e-01
   7.7700000e+02   5.1915984e-01
   7.7800000e+02   5.6943604e-01
   7.7900000e+02   6.2486813e-01
   7.8000000e+02   6.4832489e-01
   7.8100000e+02   6.8164203e-01
   7.8200000e+02   7.0107482e-01
   7.8300000e+02   6.9572529e-01
   7.8400000e+02   6.6957909e-01
   7.8500000e+02   5.9715486e-01
   7.8600000e+02   5.4345392e-01
   7.8700000e+02   4.9338524e-01
   7.8800000e+02   4.4510397e-01
   7.8900000e+02   4.0789977e-01
   7.9000000e+02   3.5571215e-01
   7.9100000e+02   3.0401474e-01
   7.9200000e+02   2.7687954e-01
   7.9300000e+02   2.3960236e-01
   7.9400000e+02   2.1135207e-01
   7.9500000e+02   2.0329425e-01
   7.9600000e+02   1.8894662e-01
   7.9700000e+02   1.8843062e-01
   7.9800000e+02   1.8939948e-01
   7.9900000e+02   1.9356636e-01
   8.0000000e+02   2.0846931e-01
   8.0100000e+02   2.2886780e-01
   8.0200000e+02   2.2967901e-01
   8.0300000e+02   2.3350740e-01
   8.0400000e+02   2.2861114e-01
   8.0500000e+02   2.0827558e-01
   8.0600000e+02   1.8921214e-01
   8.0700000e+02   1.6863921e-01
   8.0800000e+02   1.4970882e-01
   8.0900000e+02   1.2300036e-01
   8.1000000e+02   9.0278104e-02
   8.1100000e+02   6.4550964e-02
   8.1200000e+02   6.2975798e-02
   8.1300000e+02   5.8834494e-02
   8.1400000e+02   4.1971438e-02
   8.1500000e+02   3.6243211e-02
   8.1600000e+02   3.8026879e-02
   8.1700000e+02   5.4650530e-02
   8.1800000e+02   5.7771564e-02
   8.1900000e+02   6.3336519e-02
   8.2000000e+02   7.6265915e-02
   8.2100000e+02   8.8338708e-02
   8.2200000e+02   1.0458820e-01
   8.2300000e+02   1.2351996e-01
   8.2400000e+02   1.6178943e-01
   8.2500000e+02   1.7902163e-01
   8.2600000e+02   1.9593059e-01
   8.2700000e+02   2.0844942e-01
   8.2800000e+02   2.0146561e-01
   8.2900000e+02   1.8960236e-01
   8.3000000e+02   1.7510673e-01
   8.3100000e+02   1.5102109e-01
   8.3200000e+02   1.2075726e-01
   8.3300000e+02   9.5952809e-02
   8.3400000e+02   8.6422910e-02
   8.3500000e+02   8.9381666e-02
   8.3600000e+02   9.2973180e-02
   8.3700000e+02   9.3054348e-02
   8.3800000e+02   1.0133100e-01
   8.3900000e+02   1.1259774e-01
   8.4000000e+02   1.2052279e-01
   8.4100000e+02   1.2404135e-01
   8.4200000e+02   1.2718315e-01
   8.4300000e+02   1.3221337e-01
   8.4400000e+02   1.3410490e-01
   8.4500000e+02   1.3425730e-01
   8.4600000e+02   1.5612920e-01
   8.4700000e+02   1.6509429e-01
   8.4800000e+02   1.6674981e-01
   8.4900000e+02   1.6351766e-01
   8.5000000e+02   1.6954094e-01
   8.5100000e+02   1.7443832e-01
   8.5200000e+02   1.6916822e-01
   8.5300000e+02   1.6411508e-01
   8.5400000e+02   1.6480316e-01
   8.5500000e+02   1.6814324e-01
   8.5600000e+02   1.5415734e-01
   8.5700000e+02   1.5305741e-01
   8.5800000e+02   1.6162954e-01
   8.5900000e+02   1.6380757e-01
   8.6000000e+02   1.7091361e-01
   8.6100000e+02   1.8331676e-01
   8.6200000e+02   1.9536068e-01
   8.6300000e+02   2.0510764e-01
   8.6400000e+02   2.1298811e-01
   8.6500000e+02   2.2800318e-01
   8.6600000e+02   2.2979421e-01
   8.6700000e+02   2.3290712e-01
   8.6800000e+02   2.3480172e-01
   8.6900000e+02   2.3082286e-01
   8.7000000e+02   2.2585193e-01
   8.7100000e+02   2.2023721e-01
   8.7200000e+02   2.1852548e-01
   8.7300000e+02   2.0953788e-01
   8.7400000e+02   1.9600451e-01
   8.7500000e+02   1.9022391e-01
   8.7600000e+02   1.8582675e-01
   8.7700000e+02   1.8753851e-01
   8.7800000e+02   1.9187086e-01
   8.7900000e+02   1.8508251e-01
   8.8000000e+02   1.7308648e-01
   8.8100000e+02   1.7434920e-01
   8.8200000e+02   1.7069764e-01
   8.8300000e+02   1.7273732e-01
   8.8400000e+02   1.8524040e-01
   8.8500000e+02   1.8178230e-01
   8.8600000e+02   1.7266853e-01
   8.8700000e+02   1.7136941e-01
   8.8800000e+02   1.7189815e-01
   8.8900000e+02   1.6805885e-01
   8.9000000e+02   1.6320023e-01
   8.9100000e+02   1.6345012e-01
   8.9200000e+02   1.6941563e-01
   8.9300000e+02   1.6881673e-01
   8.9400000e+02   1.5634420e-01
   8.9500000e+02   1.5818266e-01
   8.9600000e+02   1.6509536e-01
   8.9700000e+02   1.6872398e-01
   8.9800000e+02   1.5870405e-01
   8.9900000e+02   1.5424683e-01
   9.0000000e+02   1.5009612e-01
   9.0100000e+02   1.4182305e-01
   9.0200000e+02   1.3089569e-01
   9.0300000e+02   1.1862375e-01
   9.0400000e+02   1.1967521e-01
   9.0500000e+02   1.2388006e-01
   9.0600000e+02   1.2699121e-01
   9.0700000e+02   1.2375265e-01
   9.0800000e+02   1.2044498e-01
   9.0900000e+02   1.1579039e-01
   9.1000000e+02   1.2513562e-01
   9.1100000e+02   1.2845997e-01
   9.1200000e+02   1.2663295e-01
   9.1300000e+02   1.3200198e-01
   9.1400000e+02   1.4233359e-01
   9.1500000e+02   1.4924194e-01
   9.1600000e+02   1.5023586e-01
   9.1700000e+02   1.5003855e-01
   9.1800000e+02   1.4708350e-01
   9.1900000e+02   1.4588787e-01
   9.2000000e+02   1.4416685e-01
   9.2100000e+02   1.2969774e-01
   9.2200000e+02   1.1173689e-01
   9.2300000e+02   9.7359613e-02
   9.2400000e+02   9.3106291e-02
   9.2500000e+02   8.7289296e-02
   9.2600000e+02   7.4131963e-02
   9.2700000e+02   7.7366679e-02
   9.2800000e+02   7.4715247e-02
   9.2900000e+02   6.7699447e-02
   9.3000000e+02   5.6939336e-02
   9.3100000e+02   5.4674658e-02
   9.3200000e+02   6.2909733e-02
   9.3300000e+02   5.5033455e-02
   9.3400000e+02   5.4866916e-02
   9.3500000e+02   5.8750486e-02
   9.3600000e+02   5.2115006e-02
   9.3700000e+02   4.8335246e-02
   9.3800000e+02   4.3956888e-02
   9.3900000e+02   4.1212250e-02
   9.4000000e+02   4.0365001e-02
   9.4100000e+02   4.5872975e-02
   9.4200000e+02   5.5418562e-02
   9.4300000e+02   5.0556650e-02
   9.4400000e+02   4.1339482e-02
   9.4500000e+02   3.4643951e-02
   9.4600000e+02   4.0128620e-02
   9.4700000e+02   3.9117881e-02
   9.4800000e+02   3.3388454e-02
   9.4900000e+02   2.8280082e-02
   9.5000000e+02   3.5528274e-02
   9.5100000e+02   4.5484681e-02
   9.5200000e+02   4.1497507e-02
   9.5300000e+02   4.1058709e-02
   9.5400000e+02   4.7372930e-02
   9.5500000e+02   6.2420962e-02
   9.5600000e+02   6.2083593e-02
   9.5700000e+02   6.3968095e-02
   9.5800000e+02   6.8561071e-02
   9.5900000e+02   7.4857569e-02
   9.6000000e+02   7.5665554e-02
   9.6100000e+02   7.3660111e-02
   9.6200000e+02   6.9154118e-02
   9.6300000e+02   6.4901570e-02
   9.6400000e+02   5.7947634e-02
   9.6500000e+02   4.2018995e-02
   9.6600000e+02   2.3414985e-02
   9.6700000e+02   8.2622513e-03
   9.6800000e+02  -1.7279485e-03
   9.6900000e+02   7.9003834e-03
   9.7000000e+02   1.1657177e-02
   9.7100000e+02   4.3720062e-03
   9.7200000e+02   1.4685348e-02
   9.7300000e+02   2.0001114e-02
   9.7400000e+02   1.4205398e-02
   9.7500000e+02   2.0840398e-02
   9.7600000e+02   3.2786000e-02
   9.7700000e+02   4.1817375e-02
   9.7800000e+02   3.8988188e-02
   9.7900000e+02   3.9052418e-02
   9.8000000e+02   4.5518105e-02
   9.8100000e+02   4.8999058e-02
   9.8200000e+02   5.1218665e-02
   9.8300000e+02   5.0531633e-02
   9.8400000e+02   4.7879056e-02
   9.8500000e+02   5.9402424e-02
   9.8600000e+02   6.8241403e-02
   9.8700000e+02   7.2215636e-02
   9.8800000e+02   8.0269052e-02
   9.8900000e+02   8.6383022e-02
   9.9000000e+02   8.5355685e-02
   9.9100000e+02   8.6837010e-02
   9.9200000e+02   9.2240229e-02
   9.9300000e+02   9.0780992e-02
   9.9400000e+02   8.3248023e-02
   9.9500000e+02   8.5301999e-02
   9.9600000e+02   8.9300544e-02
   9.9700000e+02   1.0040703e-01
   9.9800000e+02   1.0646201e-01
   9.9900000e+02   1.1057627e-01
   1.0000000e+03   1.0947201e-01
   1.0010000e+03   1.1034111e-01
   1.0020000e+03   1.2238499e-01
   1.0030000e+03   1.3310110e-01
   1.0040000e+03   1.3374680e-01
   1.0050000e+03   1.4362688e-01
   1.0060000e+03   1.5804230e-01
   1.0070000e+03   1.6686820e-01
   1.0080000e+03   1.7597738e-01
   1.0090000e+03   1.9358691e-01
   1.0100000e+03   2.0979418e-01
   1.0110000e+03   2.1996011e-01
   1.0120000e+03   2.3402409e-01
   1.0130000e+03   2.5563874e-01
   1.0140000e+03   2.7722254e-01
   1.0150000e+03   2.9774508e-01
   1.0160000e+03   3.2736102e-01
   1.0170000e+03   3.5513965e-01
   1.0180000e+03   3.7791988e-01
   1.0190000e+03   4.0092118e-01
   1.0200000e+03   4.1096347e-01
   1.0210000e+03   4.1281376e-01
   1.0220000e+03   4.1588475e-01
   1.0230000e+03   4.0938467e-01
   1.0240000e+03   4.0751572e-01
   1.0250000e+03   3.9582620e-01
   1.0260000e+03   3.7782072e-01
   1.0270000e+03   3.6834434e-01
   1.0280000e+03   3.4752593e-01
   1.0290000e+03   3.2746841e-01
   1.0300000e+03   3.0734939e-01
   1.0310000e+03   2.8260144e-01
   1.0320000e+03   2.5688956e-01
   1.0330000e+03   2.4213055e-01
   1.0340000e+03   2.3170305e-01
   1.0350000e+03   2.1959465e-01
   1.0360000e+03   2.0910871e-01
   1.0370000e+03   1.9323893e-01
   1.0380000e+03   1.8519920e-01
   1.0390000e+03   1.8374306e-01
   1.0400000e+03   1.7919040e-01
   1.0410000e+03   1.8057894e-01
   1.0420000e+03   1.7565665e-01
   1.0430000e+03   1.6804831e-01
   1.0440000e+03   1.6487188e-01
   1.0450000e+03   1.6056800e-01
   1.0460000e+03   1.5737322e-01
   1.0470000e+03   1.4861086e-01
   1.0480000e+03   1.3928947e-01
   1.0490000e+03   1.3829831e-01
   1.0500000e+03   1.3663104e-01
   1.0510000e+03   1.3838658e-01
   1.0520000e+03   1.3879347e-01
   1.0530000e+03   1.3145257e-01
   1.0540000e+03   1.3301329e-01
   1.0550000e+03   1.3452660e-01
   1.0560000e+03   1.3309548e-01
   1.0570000e+03   1.3366905e-01
   1.0580000e+03   1.3845435e-01
   1.0590000e+03   1.3918552e-01
   1.0600000e+03   1.3391610e-01
   1.0610000e+03   1.3169811e-01
   1.0620000e+03   1.3057050e-01
   1.0630000e+03   1.2816383e-01
   1.0640000e+03   1.3439400e-01
   1.0650000e+03   1.5083949e-01
   1.0660000e+03   1.5468140e-01
   1.0670000e+03   1.4900329e-01
   1.0680000e+03   1.5412822e-01
   1.0690000e+03   1.6515753e-01
   1.0700000e+03   1.7312936e-01
   1.0710000e+03   1.8799281e-01
   1.0720000e+03   2.0244634e-01
   1.0730000e+03   2.1718194e-01
   1.0740000e+03   2.3533121e-01
   1.0750000e+03   2.5230362e-01
   1.0760000e+03   2.5291222e-01
   1.0770000e+03   2.5652595e-01
   1.0780000e+03   2.6659630e-01
   1.0790000e+03   2.8091859e-01
   1.0800000e+03   2.8702404e-01
   1.0810000e+03   2.8422336e-01
   1.0820000e+03   2.7871335e-01
   1.0830000e+03   2.7183302e-01
   1.0840000e+03   2.5851000e-01
   1.0850000e+03   2.4414022e-01
   1.0860000e+03   2.3971518e-01
   1.0870000e+03   2.3302715e-01
   1.0880000e+03   2.2844830e-01
   1.0890000e+03   2.3179732e-01
   1.0900000e+03   2.2196574e-01
   1.0910000e+03   2.2045880e-01
   1.0920000e+03   2.2114625e-01
   1.0930000e+03   2.1835052e-01
   1.0940000e+03   2.2406485e-01
   1.0950000e+03   2.3126785e-01
   1.0960000e+03   2.2969280e-01
   1.0970000e+03   2.3152163e-01
   1.0980000e+03   2.3641767e-01
   1.0990000e+03   2.4350876e-01
   1.1000000e+03   2.4589642e-01
   1.1010000e+03   2.5111992e-01
   1.1020000e+03   2.5988968e-01
   1.1030000e+03   2.6400724e-01
   1.1040000e+03   2.6599465e-01
   1.1050000e+03   2.6965185e-01
   1.1060000e+03   2.7907332e-01
   1.1070000e+03   2.8742747e-01
   1.1080000e+03   2.9222640e-01
   1.1090000e+03   2.9603444e-01
   1.1100000e+03   2.9787037e-01
   1.1110000e+03   2.9979185e-01
   1.1120000e+03   3.0606515e-01
   1.1130000e+03   3.0948524e-01
   1.1140000e+03   3.1330130e-01
   1.1150000e+03   3.2302010e-01
   1.1160000e+03   3.2643933e-01
   1.1170000e+03   3.2796257e-01
   1.1180000e+03   3.3696295e-01
   1.1190000e+03   3.4244506e-01
   1.1200000e+03   3.4227040e-01
   1.1210000e+03   3.4454798e-01
   1.1220000e+03   3.4555091e-01
   1.1230000e+03   3.3444358e-01
   1.1240000e+03   3.2468373e-01
   1.1250000e+03   3.2014250e-01
   1.1260000e+03   3.1696857e-01
   1.1270000e+03   3.0849694e-01
   1.1280000e+03   3.0612950e-01
   1.1290000e+03   3.0464685e-01
   1.1300000e+03   3.0249761e-01
   1.1310000e+03   3.0104731e-01
   1.1320000e+03   2.9081344e-01
   1.1330000e+03   2.8932788e-01
   1.1340000e+03   2.8761605e-01
   1.1350000e+03   2.8162247e-01
   1.1360000e+03   2.7014496e-01
   1.1370000e+03   2.5999517e-01
   1.1380000e+03   2.5183807e-01
   1.1390000e+03   2.4764396e-01
   1.1400000e+03   2.4589422e-01
   1.1410000e+03   2.3806651e-01
   1.1420000e+03   2.2273262e-01
   1.1430000e+03   2.2208703e-01
   1.1440000e+03   2.1858159e-01
   1.1450000e+03   2.1055034e-01
   1.1460000e+03   2.1033617e-01
   1.1470000e+03   2.0486322e-01
   1.1480000e+03   2.0066946e-01
   1.1490000e+03   1.9080929e-01
   1.1500000e+03   1.8646298e-01
   1.1510000e+03   1.8108210e-01
   1.1520000e+03   1.7414676e-01
   1.1530000e+03   1.7074946e-01
   1.1540000e+03   1.6576294e-01
   1.1550000e+03   1.5691728e-01
   1.1560000e+03   1.5155810e-01
   1.1570000e+03   1.4531544e-01
   1.1580000e+03   1.3840987e-01
   1.1590000e+03   1.4087663e-01
   1.1600000e+03   1.3414395e-01
   1.1610000e+03   1.2351718e-01
   1.1620000e+03   1.1385996e-01
   1.1630000e+03   1.0681961e-01
   1.1640000e+03   1.0241781e-01
   1.1650000e+03   9.9675411e-02
   1.1660000e+03   1.0020157e-01
   1.1670000e+03   1.0052434e-01
   1.1680000e+03   1.0196225e-01
   1.1690000e+03   1.0672386e-01
   1.1700000e+03   1.1369799e-01
   1.1710000e+03   1.1416293e-01
   1.1720000e+03   1.1243769e-01
   1.1730000e+03   1.2287945e-01
   1.1740000e+03   1.3593467e-01
   1.1750000e+03   1.4455308e-01
   1.1760000e+03   1.5585988e-01
   1.1770000e+03   1.6310017e-01
   1.1780000e+03   1.6909267e-01
   1.1790000e+03   1.8287037e-01
   1.1800000e+03   1.8652508e-01
   1.1810000e+03   1.9014629e-01
   1.1820000e+03   1.9598773e-01
   1.1830000e+03   1.8973952e-01
   1.1840000e+03   1.8404659e-01
   1.1850000e+03   1.7940684e-01
   1.1860000e+03   1.7848430e-01
   1.1870000e+03   1.7345284e-01
   1.1880000e+03   1.6436419e-01
   1.1890000e+03   1.6776933e-01
   1.1900000e+03   1.6813209e-01
   1.1910000e+03   1.6480537e-01
   1.1920000e+03   1.6448851e-01
   1.1930000e+03   1.6559389e-01
   1.1940000e+03   1.6531905e-01
   1.1950000e+03   1.6483732e-01
   1.1960000e+03   1.7149611e-01
   1.1970000e+03   1.7490559e-01
   1.1980000e+03   1.7164913e-01
   1.1990000e+03   1.5950818e-01
   1.2000000e+03   1.6028934e-01
   1.2010000e+03   1.6270805e-01
   1.2020000e+03   1.5022543e-01
   1.2030000e+03   1.5679583e-01
   1.2040000e+03   1.6140974e-01
   1.2050000e+03   1.5640287e-01
   1.2060000e+03   1.5682487e-01
   1.2070000e+03   1.5763992e-01
   1.2080000e+03   1.5929376e-01
   1.2090000e+03   1.5737050e-01
   1.2100000e+03   1.5490597e-01
   1.2110000e+03   1.4982436e-01
   1.2120000e+03   1.4245320e-01
   1.2130000e+03   1.3037693e-01
   1.2140000e+03   1.2833525e-01
   1.2150000e+03   1.2933402e-01
   1.2160000e+03   1.3103182e-01
   1.2170000e+03   1.3655296e-01
   1.2180000e+03   1.4121222e-01
   1.2190000e+03   1.3459339e-01
   1.2200000e+03   1.3400849e-01
   1.2210000e+03   1.4438856e-01
   1.2220000e+03   1.5059333e-01
   1.2230000e+03   1.5851928e-01
   1.2240000e+03   1.6918990e-01
   1.2250000e+03   1.7718053e-01
   1.2260000e+03   1.8770136e-01
   1.2270000e+03   1.9729179e-01
   1.2280000e+03   2.0557820e-01
   1.2290000e+03   2.2012863e-01
   1.2300000e+03   2.3059132e-01
   1.2310000e+03   2.4302784e-01
   1.2320000e+03   2.5936362e-01
   1.2330000e+03   2.7505505e-01
   1.2340000e+03   2.8670983e-01
   1.2350000e+03   2.9524209e-01
   1.2360000e+03   3.0163931e-01
   1.2370000e+03   2.9763145e-01
   1.2380000e+03   2.9203738e-01
   1.2390000e+03   2.8342670e-01
   1.2400000e+03   2.8174054e-01
   1.2410000e+03   2.8218508e-01
   1.2420000e+03   2.7590818e-01
   1.2430000e+03   2.7735815e-01
   1.2440000e+03   2.7890838e-01
   1.2450000e+03   2.7966272e-01
   1.2460000e+03   2.8096271e-01
   1.2470000e+03   2.7866439e-01
   1.2480000e+03   2.7786838e-01
   1.2490000e+03   2.7846418e-01
   1.2500000e+03   2.7819028e-01
   1.2510000e+03   2.7416056e-01
   1.2520000e+03   2.6841006e-01
   1.2530000e+03   2.6815074e-01
   1.2540000e+03   2.6788488e-01
   1.2550000e+03   2.5799111e-01
   1.2560000e+03   2.5020310e-01
   1.2570000e+03   2.4849812e-01
   1.2580000e+03   2.4667100e-01
   1.2590000e+03   2.3327976e-01
   1.2600000e+03   2.3147554e-01
   1.2610000e+03   2.2948974e-01
   1.2620000e+03   2.2430536e-01
   1.2630000e+03   2.2043142e-01
   1.2640000e+03   2.1572244e-01
   1.2650000e+03   2.1017859e-01
   1.2660000e+03   2.1178498e-01
   1.2670000e+03   2.0017213e-01
   1.2680000e+03   1.8304316e-01
   1.2690000e+03   1.7530025e-01
   1.2700000e+03   1.7011150e-01
   1.2710000e+03   1.6911841e-01
   1.2720000e+03   1.7613511e-01
   1.2730000e+03   1.8466036e-01
   1.2740000e+03   1.8619311e-01
   1.2750000e+03   1.8605823e-01
   1.2760000e+03   2.0076895e-01
   1.2770000e+03   2.0992960e-01
   1.2780000e+03   2.2028395e-01
   1.2790000e+03   2.3361842e-01
   1.2800000e+03   2.5623750e-01
   1.2810000e+03   2.7993802e-01
   1.2820000e+03   3.0712760e-01
   1.2830000e+03   3.2928134e-01
   1.2840000e+03   3.5476542e-01
   1.2850000e+03   3.8189636e-01
   1.2860000e+03   4.1392036e-01
   1.2870000e+03   4.5327654e-01
   1.2880000e+03   4.8756408e-01
   1.2890000e+03   5.1495630e-01
   1.2900000e+03   5.5510838e-01
   1.2910000e+03   5.8629286e-01
   1.2920000e+03   6.1485561e-01
   1.2930000e+03   6.4195490e-01
   1.2940000e+03   6.6924327e-01
   1.2950000e+03   6.9862068e-01
   1.2960000e+03   7.1898852e-01
   1.2970000e+03   7.4695086e-01
   1.2980000e+03   7.7921000e-01
   1.2990000e+03   8.0332614e-01
   1.3000000e+03   8.3123642e-01
   1.3010000e+03   8.7261619e-01
   1.3020000e+03   9.2315275e-01
   1.3030000e+03   9.8956165e-01
   1.3040000e+03   1.0646218e+00
   1.3050000e+03   1.1531122e+00
   1.3060000e+03   1.2563050e+00
   1.3070000e+03   1.3722876e+00
   1.3080000e+03   1.4936045e+00
   1.3090000e+03   1.6229050e+00
   1.3100000e+03   1.7490054e+00
   1.3110000e+03   1.8806098e+00
   1.3120000e+03   2.0077770e+00
   1.3130000e+03   2.1145172e+00
   1.3140000e+03   2.2195058e+00
   1.3150000e+03   2.3172342e+00
   1.3160000e+03   2.3936779e+00
   1.3170000e+03   2.4386814e+00
   1.3180000e+03   2.4804937e+00
   1.3190000e+03   2.5149413e+00
   1.3200000e+03   2.5293038e+00
   1.3210000e+03   2.5360190e+00
   1.3220000e+03   2.5357107e+00
   1.3230000e+03   2.5198585e+00
   1.3240000e+03   2.4623619e+00
   1.3250000e+03   2.3870165e+00
   1.3260000e+03   2.3035229e+00
   1.3270000e+03   2.2047536e+00
   1.3280000e+03   2.1007080e+00
   1.3290000e+03   2.0017529e+00
   1.3300000e+03   1.8978093e+00
   1.3310000e+03   1.7880788e+00
   1.3320000e+03   1.6819241e+00
   1.3330000e+03   1.5945721e+00
   1.3340000e+03   1.5173751e+00
   1.3350000e+03   1.4412717e+00
   1.3360000e+03   1.3718713e+00
   1.3370000e+03   1.3032587e+00
   1.3380000e+03   1.2484109e+00
   1.3390000e+03   1.2079941e+00
   1.3400000e+03   1.1801150e+00
   1.3410000e+03   1.1515185e+00
   1.3420000e+03   1.1345638e+00
   1.3430000e+03   1.1247408e+00
   1.3440000e+03   1.1146497e+00
   1.3450000e+03   1.1155475e+00
   1.3460000e+03   1.1216776e+00
   1.3470000e+03   1.1402496e+00
   1.3480000e+03   1.1664427e+00
   1.3490000e+03   1.1947351e+00
   1.3500000e+03   1.2237983e+00
   1.3510000e+03   1.2729659e+00
   1.3520000e+03   1.3224682e+00
   1.3530000e+03   1.3669056e+00
   1.3540000e+03   1.4084065e+00
   1.3550000e+03   1.4543862e+00
   1.3560000e+03   1.4998711e+00
   1.3570000e+03   1.5363392e+00
   1.3580000e+03   1.5714588e+00
   1.3590000e+03   1.5932622e+00
   1.3600000e+03   1.5996641e+00
   1.3610000e+03   1.6032910e+00
   1.3620000e+03   1.6035993e+00
   1.3630000e+03   1.6017474e+00
   1.3640000e+03   1.5827071e+00
   1.3650000e+03   1.5679003e+00
   1.3660000e+03   1.5572202e+00
   1.3670000e+03   1.5455111e+00
   1.3680000e+03   1.5328882e+00
   1.3690000e+03   1.4997016e+00
   1.3700000e+03   1.4565679e+00
   1.3710000e+03   1.4126661e+00
   1.3720000e+03   1.3677004e+00
   1.3730000e+03   1.3130006e+00
   1.3740000e+03   1.2450353e+00
   1.3750000e+03   1.1924480e+00
   1.3760000e+03   1.1412428e+00
   1.3770000e+03   1.0902073e+00
   1.3780000e+03   1.0461494e+00
   1.3790000e+03   1.0073842e+00
   1.3800000e+03   9.7135050e-01
   1.3810000e+03   9.3495216e-01
   1.3820000e+03   9.0926710e-01
   1.3830000e+03   8.8248898e-01
   1.3840000e+03   8.6676104e-01
   1.3850000e+03   8.5617096e-01
   1.3860000e+03   8.3340541e-01
   1.3870000e+03   8.1029304e-01
   1.3880000e+03   7.9711407e-01
   1.3890000e+03   7.8172807e-01
   1.3900000e+03   7.5917929e-01
   1.3910000e+03   7.3696531e-01
   1.3920000e+03   7.2420859e-01
   1.3930000e+03   7.0805243e-01
   1.3940000e+03   6.8605657e-01
   1.3950000e+03   6.6227876e-01
   1.3960000e+03   6.5726963e-01
   1.3970000e+03   6.5766154e-01
   1.3980000e+03   6.4823601e-01
   1.3990000e+03   6.4469895e-01
   1.4000000e+03   6.5026665e-01
   1.4010000e+03   6.5793154e-01
   1.4020000e+03   6.6429261e-01
   1.4030000e+03   6.7032022e-01
   1.4040000e+03   6.7641029e-01
   1.4050000e+03   6.7680479e-01
   1.4060000e+03   6.8260842e-01
   1.4070000e+03   6.9249650e-01
   1.4080000e+03   6.9830599e-01
   1.4090000e+03   6.9138121e-01
   1.4100000e+03   6.7854941e-01
   1.4110000e+03   6.6349595e-01
   1.4120000e+03   6.4890071e-01
   1.4130000e+03   6.2898084e-01
   1.4140000e+03   6.1380257e-01
   1.4150000e+03   6.0033538e-01
   1.4160000e+03   5.7958635e-01
   1.4170000e+03   5.5410527e-01
   1.4180000e+03   5.3204880e-01
   1.4190000e+03   5.1126928e-01
   1.4200000e+03   4.9207172e-01
   1.4210000e+03   4.7544716e-01
   1.4220000e+03   4.5387800e-01
   1.4230000e+03   4.3626485e-01
   1.4240000e+03   4.1811516e-01
   1.4250000e+03   3.9970393e-01
   1.4260000e+03   3.8651369e-01
   1.4270000e+03   3.6619224e-01
   1.4280000e+03   3.5194784e-01
   1.4290000e+03   3.4784523e-01
   1.4300000e+03   3.5044688e-01
   1.4310000e+03   3.4768780e-01
   1.4320000e+03   3.3747497e-01
   1.4330000e+03   3.3737596e-01
   1.4340000e+03   3.3870548e-01
   1.4350000e+03   3.3444706e-01
   1.4360000e+03   3.3396978e-01
   1.4370000e+03   3.4019942e-01
   1.4380000e+03   3.4907448e-01
   1.4390000e+03   3.5569127e-01
   1.4400000e+03   3.6563164e-01
   1.4410000e+03   3.8092097e-01
   1.4420000e+03   3.9668707e-01
   1.4430000e+03   4.0187093e-01
   1.4440000e+03   4.1205983e-01
   1.4450000e+03   4.2944573e-01
   1.4460000e+03   4.4955664e-01
   1.4470000e+03   4.6901484e-01
   1.4480000e+03   4.8337917e-01
   1.4490000e+03   4.9786455e-01
   1.4500000e+03   5.2459482e-01
   1.4510000e+03   5.4664190e-01
   1.4520000e+03   5.7518827e-01
   1.4530000e+03   6.1229638e-01
   1.4540000e+03   6.4802336e-01
   1.4550000e+03   6.8609649e-01
   1.4560000e+03   7.2750521e-01
   1.4570000e+03   7.7403027e-01
   1.4580000e+03   8.3382458e-01
   1.4590000e+03   8.9776106e-01
   1.4600000e+03   9.6634603e-01
   1.4610000e+03   1.0421572e+00
   1.4620000e+03   1.1284006e+00
   1.4630000e+03   1.2344304e+00
   1.4640000e+03   1.3713745e+00
   1.4650000e+03   1.5310610e+00
   1.4660000e+03   1.7048276e+00
   1.4670000e+03   1.8984316e+00
   1.4680000e+03   2.1187909e+00
   1.4690000e+03   2.3712557e+00
   1.4700000e+03   2.6596859e+00
   1.4710000e+03   2.9828990e+00
   1.4720000e+03   3.3513046e+00
   1.4730000e+03   3.7438965e+00
   1.4740000e+03   4.1596508e+00
   1.4750000e+03   4.5914189e+00
   1.4760000e+03   5.0162871e+00
   1.4770000e+03   5.4359029e+00
   1.4780000e+03   5.8287605e+00
   1.4790000e+03   6.1833795e+00
   1.4800000e+03   6.5032298e+00
   1.4810000e+03   6.7515663e+00
   1.4820000e+03   6.8928181e+00
   1.4830000e+03   6.9501998e+00
   1.4840000e+03   6.9194994e+00
   1.4850000e+03   6.7813432e+00
   1.4860000e+03   6.5509191e+00
   1.4870000e+03   6.2519406e+00
   1.4880000e+03   5.8783398e+00
   1.4890000e+03   5.4619996e+00
   1.4900000e+03   5.0367191e+00
   1.4910000e+03   4.5930576e+00
   1.4920000e+03   4.1509024e+00
   1.4930000e+03   3.7404486e+00
   1.4940000e+03   3.3592637e+00
   1.4950000e+03   3.0038209e+00
   1.4960000e+03   2.6980011e+00
   1.4970000e+03   2.4205926e+00
   1.4980000e+03   2.1696404e+00
   1.4990000e+03   1.9577172e+00
   1.5000000e+03   1.7847595e+00
   1.5010000e+03   1.6347639e+00
   1.5020000e+03   1.5109246e+00
   1.5030000e+03   1.4095699e+00
   1.5040000e+03   1.3270678e+00
   1.5050000e+03   1.2597642e+00
   1.5060000e+03   1.1964610e+00
   1.5070000e+03   1.1515527e+00
   1.5080000e+03   1.1164207e+00
   1.5090000e+03   1.0959352e+00
   1.5100000e+03   1.0918980e+00
   1.5110000e+03   1.0947471e+00
   1.5120000e+03   1.1054524e+00
   1.5130000e+03   1.1326650e+00
   1.5140000e+03   1.1700687e+00
   1.5150000e+03   1.2166134e+00
   1.5160000e+03   1.2855936e+00
   1.5170000e+03   1.3787690e+00
   1.5180000e+03   1.4810510e+00
   1.5190000e+03   1.5939412e+00
   1.5200000e+03   1.7293026e+00
   1.5210000e+03   1.8686522e+00
   1.5220000e+03   2.0161989e+00
   1.5230000e+03   2.1821757e+00
   1.5240000e+03   2.3355918e+00
   1.5250000e+03   2.4727730e+00
   1.5260000e+03   2.5876552e+00
   1.5270000e+03   2.6737858e+00
   1.5280000e+03   2.7326687e+00
   1.5290000e+03   2.7612503e+00
   1.5300000e+03   2.7444364e+00
   1.5310000e+03   2.7103743e+00
   1.5320000e+03   2.6518075e+00
   1.5330000e+03   2.5739593e+00
   1.5340000e+03   2.5023785e+00
   1.5350000e+03   2.4088848e+00
   1.5360000e+03   2.3072285e+00
   1.5370000e+03   2.2209686e+00
   1.5380000e+03   2.1298960e+00
   1.5390000e+03   2.0245496e+00
   1.5400000e+03   1.9023746e+00
   1.5410000e+03   1.7799830e+00
   1.5420000e+03   1.6588458e+00
   1.5430000e+03   1.5459358e+00
   1.5440000e+03   1.4371991e+00
   1.5450000e+03   1.3261264e+00
   1.5460000e+03   1.2285021e+00
   1.5470000e+03   1.1499240e+00
   1.5480000e+03   1.0925205e+00
   1.5490000e+03   1.0437301e+00
   1.5500000e+03   1.0108860e+00
   1.5510000e+03   9.9924908e-01
   1.5520000e+03   9.9471667e-01
   1.5530000e+03   9.9818247e-01
   1.5540000e+03   1.0215108e+00
   1.5550000e+03   1.0776218e+00
   1.5560000e+03   1.1345629e+00
   1.5570000e+03   1.2041870e+00
   1.5580000e+03   1.2928447e+00
   1.5590000e+03   1.4009986e+00
   1.5600000e+03   1.5148273e+00
   1.5610000e+03   1.6194141e+00
   1.5620000e+03   1.7504433e+00
   1.5630000e+03   1.8688512e+00
   1.5640000e+03   1.9845783e+00
   1.5650000e+03   2.1151531e+00
   1.5660000e+03   2.2512639e+00
   1.5670000e+03   2.4030092e+00
   1.5680000e+03   2.5686799e+00
   1.5690000e+03   2.7383534e+00
   1.5700000e+03   2.9017380e+00
   1.5710000e+03   3.0495387e+00
   1.5720000e+03   3.1781095e+00
   1.5730000e+03   3.2985363e+00
   1.5740000e+03   3.3923259e+00
   1.5750000e+03   3.4409287e+00
   1.5760000e+03   3.4429226e+00
   1.5770000e+03   3.4099775e+00
   1.5780000e+03   3.3375411e+00
   1.5790000e+03   3.2192556e+00
   1.5800000e+03   3.0915658e+00
   1.5810000e+03   2.9533352e+00
   1.5820000e+03   2.8025120e+00
   1.5830000e+03   2.6616998e+00
   1.5840000e+03   2.5142096e+00
   1.5850000e+03   2.3638253e+00
   1.5860000e+03   2.2281489e+00
   1.5870000e+03   2.1070353e+00
   1.5880000e+03   2.0052160e+00
   1.5890000e+03   1.9269194e+00
   1.5900000e+03   1.8771246e+00
   1.5910000e+03   1.8348862e+00
   1.5920000e+03   1.8099212e+00
   1.5930000e+03   1.8046433e+00
   1.5940000e+03   1.8245700e+00
   1.5950000e+03   1.8562349e+00
   1.5960000e+03   1.8949344e+00
   1.5970000e+03   1.9462300e+00
   1.5980000e+03   1.9945947e+00
   1.5990000e+03   2.0502054e+00
   1.6000000e+03   2.1101968e+00
   1.6010000e+03   2.1426236e+00
   1.6020000e+03   2.1677793e+00
   1.6030000e+03   2.1868450e+00
   1.6040000e+03   2.1892876e+00
   1.6050000e+03   2.1742100e+00
   1.6060000e+03   2.1561443e+00
   1.6070000e+03   2.1353790e+00
   1.6080000e+03   2.0796095e+00
   1.6090000e+03   2.0311531e+00
   1.6100000e+03   2.0000670e+00
   1.6110000e+03   1.9882639e+00
   1.6120000e+03   1.9737850e+00
   1.6130000e+03   1.9630044e+00
   1.6140000e+03   1.9509127e+00
   1.6150000e+03   1.9181045e+00
   1.6160000e+03   1.8978899e+00
   1.6170000e+03   1.8754064e+00
   1.6180000e+03   1.8439734e+00
   1.6190000e+03   1.8221794e+00
   1.6200000e+03   1.7843024e+00
   1.6210000e+03   1.7236098e+00
   1.6220000e+03   1.6754850e+00
   1.6230000e+03   1.6227098e+00
   1.6240000e+03   1.5606007e+00
   1.6250000e+03   1.5001244e+00
   1.6260000e+03   1.4550172e+00
   1.6270000e+03   1.4112166e+00
   1.6280000e+03   1.3788330e+00
   1.6290000e+03   1.3466453e+00
   1.6300000e+03   1.3255518e+00
   1.6310000e+03   1.3056635e+00
   1.6320000e+03   1.2842149e+00
   1.6330000e+03   1.2835255e+00
   1.6340000e+03   1.2766077e+00
   1.6350000e+03   1.2619759e+00
   1.6360000e+03   1.2386193e+00
   1.6370000e+03   1.2436796e+00
   1.6380000e+03   1.2520921e+00
   1.6390000e+03   1.2518839e+00
   1.6400000e+03   1.2513097e+00
   1.6410000e+03   1.2517920e+00
   1.6420000e+03   1.2507559e+00
   1.6430000e+03   1.2463963e+00
   1.6440000e+03   1.2364634e+00
   1.6450000e+03   1.2208448e+00
   1.6460000e+03   1.2036967e+00
   1.6470000e+03   1.1951146e+00
   1.6480000e+03   1.1789109e+00
   1.6490000e+03   1.1504964e+00
   1.6500000e+03   1.1191295e+00
   1.6510000e+03   1.0959125e+00
   1.6520000e+03   1.0757749e+00
   1.6530000e+03   1.0476816e+00
   1.6540000e+03   1.0250729e+00
   1.6550000e+03   1.0025450e+00
   1.6560000e+03   9.7974280e-01
   1.6570000e+03   9.6217197e-01
   1.6580000e+03   9.3273705e-01
   1.6590000e+03   9.0920468e-01
   1.6600000e+03   8.9512476e-01
   1.6610000e+03   8.6939710e-01
   1.6620000e+03   8.4511444e-01
   1.6630000e+03   8.2867346e-01
   1.6640000e+03   8.1799581e-01
   1.6650000e+03   8.0187310e-01
   1.6660000e+03   7.8202009e-01
   1.6670000e+03   7.5576483e-01
   1.6680000e+03   7.3377086e-01
   1.6690000e+03   7.2418742e-01
   1.6700000e+03   7.1568353e-01
   1.6710000e+03   6.8350459e-01
   1.6720000e+03   6.6079305e-01
   1.6730000e+03   6.4512289e-01
   1.6740000e+03   6.2461308e-01
   1.6750000e+03   6.0281460e-01
   1.6760000e+03   5.9410802e-01
   1.6770000e+03   5.8516940e-01
   1.6780000e+03   5.7102392e-01
   1.6790000e+03   5.5528411e-01
   1.6800000e+03   5.3990698e-01
   1.6810000e+03   5.2445827e-01
   1.6820000e+03   5.1740313e-01
   1.6830000e+03   5.0503865e-01
   1.6840000e+03   4.9315856e-01
   1.6850000e+03   4.9473846e-01
   1.6860000e+03   4.9205252e-01
   1.6870000e+03   4.8180922e-01
   1.6880000e+03   4.6815380e-01
   1.6890000e+03   4.5974094e-01
   1.6900000e+03   4.5527437e-01
   1.6910000e+03   4.4940768e-01
   1.6920000e+03   4.4637332e-01
   1.6930000e+03   4.3743533e-01
   1.6940000e+03   4.2964143e-01
   1.6950000e+03   4.2456609e-01
   1.6960000e+03   4.2371961e-01
   1.6970000e+03   4.1469416e-01
   1.6980000e+03   4.0443379e-01
   1.6990000e+03   3.9267225e-01
   1.7000000e+03   3.6330970e-01
   1.7010000e+03   3.6062994e-01
   1.7020000e+03   3.5537795e-01
   1.7030000e+03   3.4504547e-01
   1.7040000e+03   3.4845263e-01
   1.7050000e+03   3.3762497e-01
   1.7060000e+03   3.1568045e-01
   1.7070000e+03   3.0441070e-01
   1.7080000e+03   3.0512054e-01
   1.7090000e+03   2.9642900e-01
   1.7100000e+03   2.8479057e-01
   1.7110000e+03   2.8237101e-01
   1.7120000e+03   2.6937474e-01
   1.7130000e+03   2.5996578e-01
   1.7140000e+03   2.5442217e-01
   1.7150000e+03   2.5078970e-01
   1.7160000e+03   2.4565528e-01
   1.7170000e+03   2.4023463e-01
   1.7180000e+03   2.4074418e-01
   1.7190000e+03   2.3884177e-01
   1.7200000e+03   2.3711126e-01
   1.7210000e+03   2.3239346e-01
   1.7220000e+03   2.2917674e-01
   1.7230000e+03   2.2571582e-01
   1.7240000e+03   2.2050344e-01
   1.7250000e+03   2.1337362e-01
   1.7260000e+03   2.0476509e-01
   1.7270000e+03   1.9553326e-01
   1.7280000e+03   1.8527777e-01
   1.7290000e+03   1.8130322e-01
   1.7300000e+03   1.7660042e-01
   1.7310000e+03   1.6570029e-01
   1.7320000e+03   1.5596747e-01
   1.7330000e+03   1.5316532e-01
   1.7340000e+03   1.4641851e-01
   1.7350000e+03   1.4360650e-01
   1.7360000e+03   1.3960541e-01
   1.7370000e+03   1.2836825e-01
   1.7380000e+03   1.2185727e-01
   1.7390000e+03   1.2137890e-01
   1.7400000e+03   1.1732746e-01
   1.7410000e+03   1.1039660e-01
   1.7420000e+03   1.0468221e-01
   1.7430000e+03   9.9238905e-02
   1.7440000e+03   9.5623213e-02
   1.7450000e+03   9.6597035e-02
   1.7460000e+03   9.4837288e-02
   1.7470000e+03   8.8404567e-02
   1.7480000e+03   9.1311320e-02
   1.7490000e+03   8.8979296e-02
   1.7500000e+03   7.8255080e-02
   1.7510000e+03   7.2856277e-02
   1.7520000e+03   7.3303193e-02
   1.7530000e+03   7.3725109e-02
   1.7540000e+03   6.7415369e-02
   1.7550000e+03   6.3669596e-02
   1.7560000e+03   6.0960467e-02
   1.7570000e+03   5.5918283e-02
   1.7580000e+03   5.2141769e-02
   1.7590000e+03   5.2630897e-02
   1.7600000e+03   5.0058924e-02
   1.7610000e+03   5.3332640e-02
   1.7620000e+03   5.4571149e-02
   1.7630000e+03   4.9349608e-02
   1.7640000e+03   4.0060630e-02
   1.7650000e+03   3.9792649e-02
   1.7660000e+03   3.2143170e-02
   1.7670000e+03   2.6051183e-02
   1.7680000e+03   2.5015965e-02
   1.7690000e+03   2.8057056e-02
   1.7700000e+03   2.6094080e-02
   1.7710000e+03   2.1367581e-02
   1.7720000e+03   2.3534974e-02
   1.7730000e+03   2.2867590e-02
   1.7740000e+03   2.3124789e-02
   1.7750000e+03   1.8189588e-02
   1.7760000e+03   1.8679346e-02
   1.7770000e+03   2.0498314e-02
   1.7780000e+03   1.7218903e-02
   1.7790000e+03   1.2720840e-02
   1.7800000e+03   1.4641707e-02
   1.7810000e+03   1.5315154e-02
   1.7820000e+03   1.6491618e-02
   1.7830000e+03   2.0643287e-02
   1.7840000e+03   1.4329899e-02
   1.7850000e+03   9.4118675e-03
   1.7860000e+03   9.2798146e-03
   1.7870000e+03   8.8399809e-03
   1.7880000e+03   1.0554948e-02
   1.7890000e+03   1.2405851e-02
   1.7900000e+03   1.3451798e-02
   1.7910000e+03   1.5669256e-02
   1.7920000e+03   1.3736867e-02
   1.7930000e+03   1.4993883e-02
   1.7940000e+03   1.0299972e-02
   1.7950000e+03   8.2754890e-03
   1.7960000e+03   8.5004327e-03
   1.7970000e+03   7.6129578e-03
   1.7980000e+03   4.4324087e-03
   1.7990000e+03   4.6977331e-03
