   5.0100000e+02   3.3934767e-02
   5.0200000e+02   3.1439931e-02
   5.0300000e+02   2.5437412e-02
   5.0400000e+02   2.8012844e-02
   5.0500000e+02   2.7933537e-02
   5.0600000e+02   2.1396611e-02
   5.0700000e+02   7.8121123e-03
   5.0800000e+02   2.5603599e-02
   5.0900000e+02   4.1894883e-02
   5.1000000e+02   4.2898700e-02
   5.1100000e+02   1.9250303e-02
   5.1200000e+02  -8.0230707e-03
   5.1300000e+02  -1.5136948e-02
   5.1400000e+02  -1.3507368e-02
   5.1500000e+02  -1.4521244e-02
   5.1600000e+02  -3.7096472e-03
   5.1700000e+02   1.1076787e-02
   5.1800000e+02   1.0495774e-02
   5.1900000e+02  -6.0479287e-04
   5.2000000e+02  -5.0611743e-03
   5.2100000e+02  -8.2411274e-03
   5.2200000e+02  -5.8770466e-03
   5.2300000e+02  -9.8210767e-03
   5.2400000e+02  -1.7267515e-02
   5.2500000e+02  -5.8130473e-03
   5.2600000e+02   1.7571677e-02
   5.2700000e+02   1.4022519e-02
   5.2800000e+02  -1.6716631e-03
   5.2900000e+02   3.9503861e-03
   5.3000000e+02   7.4542978e-03
   5.3100000e+02  -1.7233328e-02
   5.3200000e+02  -2.0623173e-02
   5.3300000e+02  -4.6712804e-03
   5.3400000e+02   1.6408150e-02
   5.3500000e+02   3.0340644e-03
   5.3600000e+02  -3.8297618e-03
   5.3700000e+02   2.6025231e-02
   5.3800000e+02   2.3049919e-02
   5.3900000e+02   1.0630583e-02
   5.4000000e+02   4.9791375e-03
   5.4100000e+02   1.9154138e-03
   5.4200000e+02   2.9699260e-03
   5.4300000e+02  -4.0724504e-03
   5.4400000e+02  -9.5904404e-04
   5.4500000e+02  -1.2748297e-02
   5.4600000e+02  -1.6170399e-02
   5.4700000e+02  -2.2486111e-02
   5.4800000e+02  -1.1734857e-02
   5.4900000e+02   1.4354625e-02
   5.5000000e+02   1.0452356e-03
   5.5100000e+02  -1.3262180e-02
   5.5200000e+02  -6.7053220e-03
   5.5300000e+02   8.6583429e-03
   5.5400000e+02   1.8641801e-02
   5.5500000e+02   2.2978865e-02
   5.5600000e+02   4.1534670e-02
   5.5700000e+02   4.9258551e-02
   5.5800000e+02   4.1544842e-02
   5.5900000e+02   4.8619102e-02
   5.6000000e+02   4.7854749e-02
   5.6100000e+02   4.5437099e-02
   5.6200000e+02   4.5213798e-02
   5.6300000e+02   5.3098943e-02
   5.6400000e+02   6.2125949e-02
   5.6500000e+02   4.2572828e-02
   5.6600000e+02   3.0962024e-02
   5.6700000e+02   2.7058535e-02
   5.6800000e+02   1.8955198e-02
   5.6900000e+02   3.6572355e-02
   5.7000000e+02   6.0210351e-02
   5.7100000e+02   4.8469017e-02
   5.7200000e+02   4.7419766e-02
   5.7300000e+02   4.6717052e-02
   5.7400000e+02   3.8363352e-02
   5.7500000e+02   2.0835475e-02
   5.7600000e+02   1.5742350e-02
   5.7700000e+02   1.6444992e-02
   5.7800000e+02   1.5347458e-02
   5.7900000e+02   2.8306217e-02
   5.8000000e+02   2.6077485e-02
   5.8100000e+02   9.7171562e-03
   5.8200000e+02   1.3206485e-02
   5.8300000e+02   2.1831624e-02
   5.8400000e+02   5.9276885e-03
   5.8500000e+02   4.5621892e-03
   5.8600000e+02   2.1974820e-02
   5.8700000e+02   1.6480069e-02
   5.8800000e+02   1.4176534e-02
   5.8900000e+02   1.2566650e-02
   5.9000000e+02   2.1346275e-02
   5.9100000e+02   2.9984865e-02
   5.9200000e+02   3.8440582e-02
   5.9300000e+02   1.4897608e-02
   5.9400000e+02   2.8986010e-04
   5.9500000e+02   2.8255271e-02
   5.9600000e+02   2.4799046e-02
   5.9700000e+02   2.1623695e-02
   5.9800000e+02   2.0187482e-02
   5.9900000e+02  -2.7776600e-03
   6.0000000e+02  -2.9931319e-03
   6.0100000e+02   5.5501485e-03
   6.0200000e+02  -1.8924198e-03
   6.0300000e+02   2.4887198e-03
   6.0400000e+02   7.2926956e-03
   6.0500000e+02   3.2761339e-02
   6.0600000e+02   3.7323353e-02
   6.0700000e+02   2.6429506e-02
   6.0800000e+02   6.4296208e-02
   6.0900000e+02   6.9624128e-02
   6.1000000e+02   5.4395521e-02
   6.1100000e+02   6.8791095e-02
   6.1200000e+02   7.8497367e-02
   6.1300000e+02   7.4861898e-02
   6.1400000e+02   6.8960227e-02
   6.1500000e+02   6.9612110e-02
   6.1600000e+02   7.9407394e-02
   6.1700000e+02   9.6560603e-02
   6.1800000e+02   9.5348580e-02
   6.1900000e+02   9.1526410e-02
   6.2000000e+02   1.0405651e-01
   6.2100000e+02   1.0841269e-01
   6.2200000e+02   1.2272191e-01
   6.2300000e+02   1.4302197e-01
   6.2400000e+02   1.6379557e-01
   6.2500000e+02   1.5229652e-01
   6.2600000e+02   1.2722156e-01
   6.2700000e+02   1.1913942e-01
   6.2800000e+02   1.2523031e-01
   6.2900000e+02   1.3509243e-01
   6.3000000e+02   1.2997010e-01
   6.3100000e+02   1.2311369e-01
   6.3200000e+02   1.2552215e-01
   6.3300000e+02   1.1845663e-01
   6.3400000e+02   1.0943436e-01
   6.3500000e+02   1.0707440e-01
   6.3600000e+02   9.4605238e-02
   6.3700000e+02   8.6768372e-02
   6.3800000e+02   8.7000752e-02
   6.3900000e+02   7.2897338e-02
   6.4000000e+02   5.1554910e-02
   6.4100000e+02   4.2850490e-02
   6.4200000e+02   6.2114096e-02
   6.4300000e+02   8.3551692e-02
   6.4400000e+02   8.3358182e-02
   6.4500000e+02   7.0759216e-02
   6.4600000e+02   5.9650711e-02
   6.4700000e+02   6.1075306e-02
   6.4800000e+02   6.5734661e-02
   6.4900000e+02   4.8356392e-02
   6.5000000e+02   2.8365229e-02
   6.5100000e+02   4.0440205e-02
   6.5200000e+02   5.4218605e-02
   6.5300000e+02   6.1303977e-02
   6.5400000e+02   5.7328243e-02
   6.5500000e+02   4.4674025e-02
   6.5600000e+02   6.2353975e-02
   6.5700000e+02   6.8040031e-02
   6.5800000e+02   5.1064276e-02
   6.5900000e+02   5.2797959e-02
   6.6000000e+02   6.5537720e-02
   6.6100000e+02   7.2293562e-02
   6.6200000e+02   5.7592939e-02
   6.6300000e+02   5.0193829e-02
   6.6400000e+02   5.5404456e-02
   6.6500000e+02   5.8047731e-02
   6.6600000e+02   5.5103105e-02
   6.6700000e+02   4.3193187e-02
   6.6800000e+02   4.3059564e-02
   6.6900000e+02   4.6427962e-02
   6.7000000e+02   3.2750921e-02
   6.7100000e+02   4.0637742e-02
   6.7200000e+02   4.5772720e-02
   6.7300000e+02   4.2507874e-02
   6.7400000e+02   5.1241551e-02
   6.7500000e+02   5.8230595e-02
   6.7600000e+02   4.9422158e-02
   6.7700000e+02   6.0889550e-02
   6.7800000e+02   6.6393960e-02
   6.7900000e+02   5.8555348e-02
   6.8000000e+02   5.2924168e-02
   6.8100000e+02   5.5884536e-02
   6.8200000e+02   6.1715601e-02
   6.8300000e+02   4.5099358e-02
   6.8400000e+02   4.7135955e-02
   6.8500000e+02   4.7509861e-02
   6.8600000e+02   4.8989624e-02
   6.8700000e+02   6.2457657e-02
   6.8800000e+02   6.9433411e-02
   6.8900000e+02   6.4027317e-02
   6.9000000e+02   6.2787401e-02
   6.9100000e+02   5.6317160e-02
   6.9200000e+02   4.4437752e-02
   6.9300000e+02   3.5370082e-02
   6.9400000e+02   4.6830995e-02
   6.9500000e+02   6.4356218e-02
   6.9600000e+02   7.4787071e-02
   6.9700000e+02   7.9126913e-02
   6.9800000e+02   7.5692198e-02
   6.9900000e+02   5.3388033e-02
   7.0000000e+02   3.3883426e-02
   7.0100000e+02   3.5210217e-02
   7.0200000e+02   3.5067230e-02
   7.0300000e+02   3.9072447e-02
   7.0400000e+02   5.1767011e-02
   7.0500000e+02   7.6764032e-02
   7.0600000e+02   7.0383046e-02
   7.0700000e+02   4.3641983e-02
   7.0800000e+02   4.1755746e-02
   7.0900000e+02   4.6888623e-02
   7.1000000e+02   4.4721111e-02
   7.1100000e+02   4.9712665e-02
   7.1200000e+02   3.5072237e-02
   7.1300000e+02   2.1235001e-02
   7.1400000e+02   7.6773102e-03
   7.1500000e+02   2.4036054e-02
   7.1600000e+02   4.0494698e-02
   7.1700000e+02   2.7545365e-02
   7.1800000e+02   3.5935957e-02
   7.1900000e+02   4.2422611e-02
   7.2000000e+02   3.4457062e-02
   7.2100000e+02   2.4835703e-02
   7.2200000e+02   3.4729102e-02
   7.2300000e+02   4.8410215e-02
   7.2400000e+02   3.6801856e-02
   7.2500000e+02   3.7900128e-02
   7.2600000e+02   3.7878027e-02
   7.2700000e+02   4.1733616e-02
   7.2800000e+02   4.5536660e-02
   7.2900000e+02   3.0003293e-02
   7.3000000e+02   1.9275358e-02
   7.3100000e+02   3.3571312e-02
   7.3200000e+02   5.5792195e-02
   7.3300000e+02   4.9136535e-02
   7.3400000e+02   4.4589201e-02
   7.3500000e+02   4.9347535e-02
   7.3600000e+02   5.4403124e-02
   7.3700000e+02   5.7927309e-02
   7.3800000e+02   5.1165789e-02
   7.3900000e+02   4.4361359e-02
   7.4000000e+02   5.9075207e-02
   7.4100000e+02   7.0245448e-02
   7.4200000e+02   6.8396114e-02
   7.4300000e+02   6.9522850e-02
   7.4400000e+02   7.2300455e-02
   7.4500000e+02   6.5357361e-02
   7.4600000e+02   4.7110535e-02
   7.4700000e+02   4.8448136e-02
   7.4800000e+02   5.7462993e-02
   7.4900000e+02   6.3642315e-02
   7.5000000e+02   6.2347758e-02
   7.5100000e+02   5.8021777e-02
   7.5200000e+02   6.2311176e-02
   7.5300000e+02   7.2728550e-02
   7.5400000e+02   7.4518737e-02
   7.5500000e+02   6.1537962e-02
   7.5600000e+02   4.8454908e-02
   7.5700000e+02   5.6941114e-02
   7.5800000e+02   6.4814648e-02
   7.5900000e+02   5.4416056e-02
   7.6000000e+02   6.4332651e-02
   7.6100000e+02   7.0711327e-02
   7.6200000e+02   7.3083677e-02
   7.6300000e+02   8.7076856e-02
   7.6400000e+02   8.2810704e-02
   7.6500000e+02   6.5221787e-02
   7.6600000e+02   6.1119106e-02
   7.6700000e+02   7.1791858e-02
   7.6800000e+02   8.3230854e-02
   7.6900000e+02   8.4525092e-02
   7.7000000e+02   8.1598248e-02
   7.7100000e+02   7.8114992e-02
   7.7200000e+02   7.7667840e-02
   7.7300000e+02   9.2597765e-02
   7.7400000e+02   1.1830853e-01
   7.7500000e+02   1.5914131e-01
   7.7600000e+02   1.8642893e-01
   7.7700000e+02   1.9413192e-01
   7.7800000e+02   2.2657952e-01
   7.7900000e+02   2.6422492e-01
   7.8000000e+02   2.8214297e-01
   7.8100000e+02   3.2600578e-01
   7.8200000e+02   3.5956633e-01
   7.8300000e+02   3.8853609e-01
   7.8400000e+02   4.1814261e-01
   7.8500000e+02   4.1671195e-01
   7.8600000e+02   4.0447797e-01
   7.8700000e+02   3.7633418e-01
   7.8800000e+02   3.3590576e-01
   7.8900000e+02   3.0757612e-01
   7.9000000e+02   2.8319445e-01
   7.9100000e+02   2.6194641e-01
   7.9200000e+02   2.4186635e-01
   7.9300000e+02   2.1057822e-01
   7.9400000e+02   1.7482759e-01
   7.9500000e+02   1.5230475e-01
   7.9600000e+02   1.4592662e-01
   7.9700000e+02   1.2062757e-01
   7.9800000e+02   8.9436247e-02
   7.9900000e+02   7.9876585e-02
   8.0000000e+02   8.9603079e-02
   8.0100000e+02   8.2501093e-02
   8.0200000e+02   7.3692120e-02
   8.0300000e+02   7.2914413e-02
   8.0400000e+02   8.0207264e-02
   8.0500000e+02   8.1098457e-02
   8.0600000e+02   7.4648749e-02
   8.0700000e+02   6.3043604e-02
   8.0800000e+02   6.0816709e-02
   8.0900000e+02   6.2540913e-02
   8.1000000e+02   6.1610177e-02
   8.1100000e+02   6.7943758e-02
   8.1200000e+02   7.6681661e-02
   8.1300000e+02   6.2356788e-02
   8.1400000e+02   5.5653652e-02
   8.1500000e+02   5.2626930e-02
   8.1600000e+02   5.3810149e-02
   8.1700000e+02   6.4217360e-02
   8.1800000e+02   7.6237023e-02
   8.1900000e+02   8.0503697e-02
   8.2000000e+02   5.4346052e-02
   8.2100000e+02   2.9631780e-02
   8.2200000e+02   3.5527165e-02
   8.2300000e+02   4.6362349e-02
   8.2400000e+02   4.6726454e-02
   8.2500000e+02   4.3115092e-02
   8.2600000e+02   3.4161222e-02
   8.2700000e+02   3.0889160e-02
   8.2800000e+02   2.3846869e-02
   8.2900000e+02   3.7007196e-02
   8.3000000e+02   4.6090001e-02
   8.3100000e+02   4.3995496e-02
   8.3200000e+02   5.0774563e-02
   8.3300000e+02   6.2360442e-02
   8.3400000e+02   4.9098026e-02
   8.3500000e+02   6.1586907e-02
   8.3600000e+02   7.6329175e-02
   8.3700000e+02   6.5832207e-02
   8.3800000e+02   6.8266297e-02
   8.3900000e+02   6.2769453e-02
   8.4000000e+02   6.9834867e-02
   8.4100000e+02   7.5433974e-02
   8.4200000e+02   7.5210954e-02
   8.4300000e+02   8.2630339e-02
   8.4400000e+02   6.9025854e-02
   8.4500000e+02   6.9800285e-02
   8.4600000e+02   6.7706217e-02
   8.4700000e+02   5.5604312e-02
   8.4800000e+02   5.6925666e-02
   8.4900000e+02   6.7253664e-02
   8.5000000e+02   7.2213209e-02
   8.5100000e+02   7.0166102e-02
   8.5200000e+02   5.9097888e-02
   8.5300000e+02   5.2478240e-02
   8.5400000e+02   6.3403704e-02
   8.5500000e+02   6.8820565e-02
   8.5600000e+02   7.2035693e-02
   8.5700000e+02   6.1817980e-02
   8.5800000e+02   5.3796858e-02
   8.5900000e+02   6.3778616e-02
   8.6000000e+02   6.6023818e-02
   8.6100000e+02   7.3188666e-02
   8.6200000e+02   7.1675773e-02
   8.6300000e+02   5.8921115e-02
   8.6400000e+02   5.7395873e-02
   8.6500000e+02   5.5101096e-02
   8.6600000e+02   4.1823673e-02
   8.6700000e+02   4.0985219e-02
   8.6800000e+02   4.9243714e-02
   8.6900000e+02   5.5676703e-02
   8.7000000e+02   6.1388964e-02
   8.7100000e+02   6.2106297e-02
   8.7200000e+02   5.4755136e-02
   8.7300000e+02   5.1699209e-02
   8.7400000e+02   6.3530662e-02
   8.7500000e+02   6.2286798e-02
   8.7600000e+02   6.1448765e-02
   8.7700000e+02   6.2786057e-02
   8.7800000e+02   5.5898072e-02
   8.7900000e+02   4.4464486e-02
   8.8000000e+02   4.3239202e-02
   8.8100000e+02   4.9401147e-02
   8.8200000e+02   4.7304019e-02
   8.8300000e+02   5.4970574e-02
   8.8400000e+02   6.3104623e-02
   8.8500000e+02   6.5168062e-02
   8.8600000e+02   5.2450750e-02
   8.8700000e+02   4.0569555e-02
   8.8800000e+02   3.6486567e-02
   8.8900000e+02   5.2924471e-02
   8.9000000e+02   5.4204518e-02
   8.9100000e+02   3.6035803e-02
   8.9200000e+02   3.1965287e-02
   8.9300000e+02   4.0513859e-02
   8.9400000e+02   4.1774846e-02
   8.9500000e+02   3.7875865e-02
   8.9600000e+02   3.5758982e-02
   8.9700000e+02   3.1831070e-02
   8.9800000e+02   2.9212752e-02
   8.9900000e+02   2.9263758e-02
   9.0000000e+02   2.9550266e-02
   9.0100000e+02   4.7060214e-02
   9.0200000e+02   5.2327470e-02
   9.0300000e+02   3.9629252e-02
   9.0400000e+02   3.2910958e-02
   9.0500000e+02   3.9262381e-02
   9.0600000e+02   4.0410859e-02
   9.0700000e+02   3.6604443e-02
   9.0800000e+02   4.0447552e-02
   9.0900000e+02   4.0646651e-02
   9.1000000e+02   2.9737798e-02
   9.1100000e+02   2.5310968e-02
   9.1200000e+02   2.3681740e-02
   9.1300000e+02   2.0743034e-02
   9.1400000e+02   2.3172164e-02
   9.1500000e+02   1.3520482e-02
   9.1600000e+02   2.0006473e-03
   9.1700000e+02   4.9258671e-03
   9.1800000e+02   2.1218322e-02
   9.1900000e+02   1.8150099e-02
   9.2000000e+02   1.4208189e-02
   9.2100000e+02   1.7070524e-02
   9.2200000e+02   1.6952277e-02
   9.2300000e+02   2.0269280e-02
   9.2400000e+02   1.8964436e-02
   9.2500000e+02   3.4072965e-02
   9.2600000e+02   3.4741914e-02
   9.2700000e+02   2.3355300e-02
   9.2800000e+02   2.3895384e-02
   9.2900000e+02   1.4607063e-02
   9.3000000e+02   1.7887228e-02
   9.3100000e+02   2.9727481e-02
   9.3200000e+02   2.9787670e-02
   9.3300000e+02   3.0584169e-02
   9.3400000e+02   3.4572467e-02
   9.3500000e+02   2.3502638e-02
   9.3600000e+02   1.5579575e-02
   9.3700000e+02   2.0837192e-02
   9.3800000e+02   3.4457081e-02
   9.3900000e+02   4.2621276e-02
   9.4000000e+02   4.6788623e-02
   9.4100000e+02   3.9826219e-02
   9.4200000e+02   3.8860090e-02
   9.4300000e+02   3.2410539e-02
   9.4400000e+02   2.1752007e-02
   9.4500000e+02   2.8617891e-02
   9.4600000e+02   3.7317813e-02
   9.4700000e+02   3.5525377e-02
   9.4800000e+02   2.1174472e-02
   9.4900000e+02   1.9699528e-02
   9.5000000e+02   1.4636322e-02
   9.5100000e+02   8.5736026e-03
   9.5200000e+02   1.3826972e-02
   9.5300000e+02   1.3388875e-02
   9.5400000e+02   8.6681562e-03
   9.5500000e+02   8.9953721e-03
   9.5600000e+02   8.8230270e-03
   9.5700000e+02  -1.2765472e-03
   9.5800000e+02  -4.4652621e-03
   9.5900000e+02   7.2747339e-03
   9.6000000e+02   1.4938795e-02
   9.6100000e+02   1.2875292e-02
   9.6200000e+02   1.5175370e-02
   9.6300000e+02   1.4047790e-02
   9.6400000e+02   3.6451759e-03
   9.6500000e+02   5.4026434e-03
   9.6600000e+02   7.6813514e-03
   9.6700000e+02   3.0807760e-02
   9.6800000e+02   4.3343815e-02
   9.6900000e+02   3.6853261e-02
   9.7000000e+02   2.9052219e-02
   9.7100000e+02   2.7905318e-02
   9.7200000e+02   3.8647379e-02
   9.7300000e+02   6.8270272e-02
   9.7400000e+02   7.4886053e-02
   9.7500000e+02   6.4084244e-02
   9.7600000e+02   7.1561556e-02
   9.7700000e+02   7.9131230e-02
   9.7800000e+02   7.9302447e-02
   9.7900000e+02   7.7488129e-02
   9.8000000e+02   8.6034559e-02
   9.8100000e+02   9.5850912e-02
   9.8200000e+02   1.0061137e-01
   9.8300000e+02   1.0337356e-01
   9.8400000e+02   9.5672698e-02
   9.8500000e+02   9.2872976e-02
   9.8600000e+02   9.1429945e-02
   9.8700000e+02   8.9359875e-02
   9.8800000e+02   8.6324192e-02
   9.8900000e+02   8.5656442e-02
   9.9000000e+02   9.8538845e-02
   9.9100000e+02   9.9153697e-02
   9.9200000e+02   8.6204132e-02
   9.9300000e+02   9.1992889e-02
   9.9400000e+02   9.3758498e-02
   9.9500000e+02   8.4358354e-02
   9.9600000e+02   6.9737691e-02
   9.9700000e+02   6.0426132e-02
   9.9800000e+02   5.6951545e-02
   9.9900000e+02   4.9877590e-02
   1.0000000e+03   4.5197407e-02
   1.0010000e+03   3.2519522e-02
   1.0020000e+03   3.3917686e-02
   1.0030000e+03   2.9889035e-02
   1.0040000e+03   2.2542572e-02
   1.0050000e+03   2.6222147e-02
   1.0060000e+03   2.7200994e-02
   1.0070000e+03   2.6208285e-02
   1.0080000e+03   2.8867443e-02
   1.0090000e+03   1.1003801e-02
   1.0100000e+03   6.0861229e-03
   1.0110000e+03   1.5127378e-02
   1.0120000e+03   1.5951523e-02
   1.0130000e+03   1.5404989e-02
   1.0140000e+03   1.6279527e-02
   1.0150000e+03   8.6331357e-03
   1.0160000e+03   6.9864204e-03
   1.0170000e+03   6.0868113e-03
   1.0180000e+03   2.3015537e-03
   1.0190000e+03  -1.6662413e-03
   1.0200000e+03  -5.7145711e-03
   1.0210000e+03  -1.1982901e-03
   1.0220000e+03   4.2164983e-03
   1.0230000e+03   2.9906190e-03
   1.0240000e+03   5.0288576e-03
   1.0250000e+03   3.0559484e-03
   1.0260000e+03  -5.2884264e-03
   1.0270000e+03  -8.5285019e-03
   1.0280000e+03  -6.3154488e-03
   1.0290000e+03   2.5364838e-03
   1.0300000e+03   4.5612322e-03
   1.0310000e+03   9.9788104e-03
   1.0320000e+03   1.6847912e-03
   1.0330000e+03   2.5393823e-03
   1.0340000e+03   1.8675649e-02
   1.0350000e+03   1.6625462e-02
   1.0360000e+03   1.9793802e-02
   1.0370000e+03   2.6372458e-02
   1.0380000e+03   2.3378782e-02
   1.0390000e+03   1.6791504e-02
   1.0400000e+03   2.7382168e-02
   1.0410000e+03   2.6642895e-02
   1.0420000e+03   1.3658503e-02
   1.0430000e+03   9.3676335e-03
   1.0440000e+03   2.2283313e-02
   1.0450000e+03   1.9219879e-02
   1.0460000e+03   2.2464397e-02
   1.0470000e+03   3.8854129e-02
   1.0480000e+03   3.8641766e-02
   1.0490000e+03   2.8665753e-02
   1.0500000e+03   2.4407443e-02
   1.0510000e+03   3.8143755e-02
   1.0520000e+03   3.6980724e-02
   1.0530000e+03   3.3320854e-02
   1.0540000e+03   3.2505448e-02
   1.0550000e+03   3.7690548e-02
   1.0560000e+03   3.5960248e-02
   1.0570000e+03   3.1721214e-02
   1.0580000e+03   3.2270509e-02
   1.0590000e+03   3.4298141e-02
   1.0600000e+03   4.0081600e-02
   1.0610000e+03   3.0047474e-02
   1.0620000e+03   3.0311548e-02
   1.0630000e+03   4.1211928e-02
   1.0640000e+03   4.7368697e-02
   1.0650000e+03   4.9857888e-02
   1.0660000e+03   5.2788071e-02
   1.0670000e+03   6.0713026e-02
   1.0680000e+03   6.1430452e-02
   1.0690000e+03   6.2432437e-02
   1.0700000e+03   6.0526721e-02
   1.0710000e+03   6.3483774e-02
   1.0720000e+03   6.9577047e-02
   1.0730000e+03   7.5130890e-02
   1.0740000e+03   8.7213309e-02
   1.0750000e+03   9.6962497e-02
   1.0760000e+03   1.0308065e-01
   1.0770000e+03   1.0553694e-01
   1.0780000e+03   1.1209628e-01
   1.0790000e+03   1.1770139e-01
   1.0800000e+03   1.1000365e-01
   1.0810000e+03   1.0297329e-01
   1.0820000e+03   9.7148238e-02
   1.0830000e+03   9.1860928e-02
   1.0840000e+03   8.4105386e-02
   1.0850000e+03   8.4012982e-02
   1.0860000e+03   8.4658765e-02
   1.0870000e+03   7.4761046e-02
   1.0880000e+03   8.1744694e-02
   1.0890000e+03   7.9685506e-02
   1.0900000e+03   7.0566041e-02
   1.0910000e+03   6.8096619e-02
   1.0920000e+03   6.4271941e-02
   1.0930000e+03   5.8247991e-02
   1.0940000e+03   5.4252907e-02
   1.0950000e+03   4.5812642e-02
   1.0960000e+03   4.7125908e-02
   1.0970000e+03   5.0525672e-02
   1.0980000e+03   4.6954698e-02
   1.0990000e+03   4.4735288e-02
   1.1000000e+03   4.4085849e-02
   1.1010000e+03   5.4335434e-02
   1.1020000e+03   6.0401040e-02
   1.1030000e+03   6.0199368e-02
   1.1040000e+03   5.7959990e-02
   1.1050000e+03   5.6265974e-02
   1.1060000e+03   6.6126719e-02
   1.1070000e+03   7.3198351e-02
   1.1080000e+03   8.3042397e-02
   1.1090000e+03   8.0664316e-02
   1.1100000e+03   7.6046442e-02
   1.1110000e+03   7.5183211e-02
   1.1120000e+03   7.9564841e-02
   1.1130000e+03   8.5346283e-02
   1.1140000e+03   9.1947322e-02
   1.1150000e+03   9.2151857e-02
   1.1160000e+03   9.0124898e-02
   1.1170000e+03   9.5902554e-02
   1.1180000e+03   9.8758149e-02
   1.1190000e+03   1.1001063e-01
   1.1200000e+03   1.2566521e-01
   1.1210000e+03   1.3014602e-01
   1.1220000e+03   1.3293519e-01
   1.1230000e+03   1.3059080e-01
   1.1240000e+03   1.2333133e-01
   1.1250000e+03   1.3141142e-01
   1.1260000e+03   1.4907282e-01
   1.1270000e+03   1.5808263e-01
   1.1280000e+03   1.7595719e-01
   1.1290000e+03   1.7498535e-01
   1.1300000e+03   1.7224357e-01
   1.1310000e+03   1.7585363e-01
   1.1320000e+03   1.7870454e-01
   1.1330000e+03   1.9158561e-01
   1.1340000e+03   1.9827065e-01
   1.1350000e+03   1.8914862e-01
   1.1360000e+03   1.8644091e-01
   1.1370000e+03   1.8910292e-01
   1.1380000e+03   1.8757365e-01
   1.1390000e+03   1.9043019e-01
   1.1400000e+03   1.9225687e-01
   1.1410000e+03   1.9318606e-01
   1.1420000e+03   1.8742685e-01
   1.1430000e+03   1.8876316e-01
   1.1440000e+03   1.8641288e-01
   1.1450000e+03   1.7319289e-01
   1.1460000e+03   1.6718602e-01
   1.1470000e+03   1.5614330e-01
   1.1480000e+03   1.5308789e-01
   1.1490000e+03   1.6165737e-01
   1.1500000e+03   1.5517731e-01
   1.1510000e+03   1.4001107e-01
   1.1520000e+03   1.3660073e-01
   1.1530000e+03   1.2839413e-01
   1.1540000e+03   1.1804890e-01
   1.1550000e+03   1.1524646e-01
   1.1560000e+03   1.2220313e-01
   1.1570000e+03   1.3067383e-01
   1.1580000e+03   1.2794501e-01
   1.1590000e+03   1.1571168e-01
   1.1600000e+03   1.1696940e-01
   1.1610000e+03   1.1151262e-01
   1.1620000e+03   8.9829066e-02
   1.1630000e+03   7.7769277e-02
   1.1640000e+03   7.4263285e-02
   1.1650000e+03   8.2238658e-02
   1.1660000e+03   8.6538426e-02
   1.1670000e+03   6.5733711e-02
   1.1680000e+03   6.0740496e-02
   1.1690000e+03   6.4300142e-02
   1.1700000e+03   5.5081940e-02
   1.1710000e+03   6.1408474e-02
   1.1720000e+03   6.5574972e-02
   1.1730000e+03   6.4601677e-02
   1.1740000e+03   7.2178240e-02
   1.1750000e+03   6.6543931e-02
   1.1760000e+03   6.2941116e-02
   1.1770000e+03   6.8733197e-02
   1.1780000e+03   6.4257000e-02
   1.1790000e+03   6.3203753e-02
   1.1800000e+03   6.9537978e-02
   1.1810000e+03   7.5915347e-02
   1.1820000e+03   7.3698024e-02
   1.1830000e+03   7.1520517e-02
   1.1840000e+03   9.6646879e-02
   1.1850000e+03   1.1365083e-01
   1.1860000e+03   1.1593658e-01
   1.1870000e+03   1.1905667e-01
   1.1880000e+03   1.1232863e-01
   1.1890000e+03   1.2019356e-01
   1.1900000e+03   1.3556853e-01
   1.1910000e+03   1.4446959e-01
   1.1920000e+03   1.4122512e-01
   1.1930000e+03   1.3497956e-01
   1.1940000e+03   1.4473388e-01
   1.1950000e+03   1.4987438e-01
   1.1960000e+03   1.4429537e-01
   1.1970000e+03   1.2819897e-01
   1.1980000e+03   1.0967043e-01
   1.1990000e+03   1.1498443e-01
   1.2000000e+03   1.1400180e-01
   1.2010000e+03   1.0075041e-01
   1.2020000e+03   8.6855522e-02
   1.2030000e+03   7.9341161e-02
   1.2040000e+03   6.9837065e-02
   1.2050000e+03   6.4184873e-02
   1.2060000e+03   6.2453623e-02
   1.2070000e+03   5.7151893e-02
   1.2080000e+03   6.5536856e-02
   1.2090000e+03   6.9929885e-02
   1.2100000e+03   6.2559872e-02
   1.2110000e+03   6.0559587e-02
   1.2120000e+03   5.8024888e-02
   1.2130000e+03   5.6027998e-02
   1.2140000e+03   6.3495676e-02
   1.2150000e+03   6.4825132e-02
   1.2160000e+03   6.2294638e-02
   1.2170000e+03   7.1576301e-02
   1.2180000e+03   7.5419815e-02
   1.2190000e+03   6.9875668e-02
   1.2200000e+03   7.2257247e-02
   1.2210000e+03   6.3251167e-02
   1.2220000e+03   6.2305085e-02
   1.2230000e+03   7.3855620e-02
   1.2240000e+03   7.5728453e-02
   1.2250000e+03   7.1984296e-02
   1.2260000e+03   7.2484469e-02
   1.2270000e+03   8.9156775e-02
   1.2280000e+03   9.9270332e-02
   1.2290000e+03   9.5201897e-02
   1.2300000e+03   8.2125919e-02
   1.2310000e+03   8.2263135e-02
   1.2320000e+03   8.6787102e-02
   1.2330000e+03   9.0994880e-02
   1.2340000e+03   9.4054448e-02
   1.2350000e+03   9.1976268e-02
   1.2360000e+03   9.7816677e-02
   1.2370000e+03   1.1268531e-01
   1.2380000e+03   1.2358230e-01
   1.2390000e+03   1.2597343e-01
   1.2400000e+03   1.3709480e-01
   1.2410000e+03   1.5652477e-01
   1.2420000e+03   1.7282503e-01
   1.2430000e+03   1.7725368e-01
   1.2440000e+03   1.7804662e-01
   1.2450000e+03   1.8612863e-01
   1.2460000e+03   2.0544086e-01
   1.2470000e+03   2.2225366e-01
   1.2480000e+03   2.2608370e-01
   1.2490000e+03   2.2935404e-01
   1.2500000e+03   2.3699223e-01
   1.2510000e+03   2.5661098e-01
   1.2520000e+03   2.5744060e-01
   1.2530000e+03   2.4769903e-01
   1.2540000e+03   2.4605645e-01
   1.2550000e+03   2.4521265e-01
   1.2560000e+03   2.4624855e-01
   1.2570000e+03   2.3279821e-01
   1.2580000e+03   2.0917624e-01
   1.2590000e+03   2.0326253e-01
   1.2600000e+03   2.0093515e-01
   1.2610000e+03   1.9576623e-01
   1.2620000e+03   1.9261243e-01
   1.2630000e+03   1.9245335e-01
   1.2640000e+03   1.8716694e-01
   1.2650000e+03   1.7043263e-01
   1.2660000e+03   1.5628252e-01
   1.2670000e+03   1.6706413e-01
   1.2680000e+03   1.7217765e-01
   1.2690000e+03   1.5493213e-01
   1.2700000e+03   1.4136838e-01
   1.2710000e+03   1.4342989e-01
   1.2720000e+03   1.5244482e-01
   1.2730000e+03   1.5462224e-01
   1.2740000e+03   1.5492247e-01
   1.2750000e+03   1.6325226e-01
   1.2760000e+03   1.6963504e-01
   1.2770000e+03   1.7389321e-01
   1.2780000e+03   1.9186160e-01
   1.2790000e+03   2.1732074e-01
   1.2800000e+03   2.3174678e-01
   1.2810000e+03   2.3491794e-01
   1.2820000e+03   2.4463915e-01
   1.2830000e+03   2.7301409e-01
   1.2840000e+03   3.0312708e-01
   1.2850000e+03   3.1634531e-01
   1.2860000e+03   3.2756893e-01
   1.2870000e+03   3.5956163e-01
   1.2880000e+03   3.9578696e-01
   1.2890000e+03   4.1679564e-01
   1.2900000e+03   4.3081986e-01
   1.2910000e+03   4.4814529e-01
   1.2920000e+03   4.6894072e-01
   1.2930000e+03   4.7827772e-01
   1.2940000e+03   4.7772524e-01
   1.2950000e+03   4.7562671e-01
   1.2960000e+03   4.7073691e-01
   1.2970000e+03   4.4857853e-01
   1.2980000e+03   4.3043867e-01
   1.2990000e+03   4.0662412e-01
   1.3000000e+03   3.7632654e-01
   1.3010000e+03   3.5340751e-01
   1.3020000e+03   3.4508439e-01
   1.3030000e+03   3.3222378e-01
   1.3040000e+03   3.1935617e-01
   1.3050000e+03   2.8619883e-01
   1.3060000e+03   2.6499699e-01
   1.3070000e+03   2.6075263e-01
   1.3080000e+03   2.5113713e-01
   1.3090000e+03   2.2840623e-01
   1.3100000e+03   2.1355387e-01
   1.3110000e+03   2.0847897e-01
   1.3120000e+03   2.0085099e-01
   1.3130000e+03   1.9408700e-01
   1.3140000e+03   1.9279950e-01
   1.3150000e+03   1.9400326e-01
   1.3160000e+03   1.9500799e-01
   1.3170000e+03   1.7714738e-01
   1.3180000e+03   1.7411621e-01
   1.3190000e+03   1.6694145e-01
   1.3200000e+03   1.5775429e-01
   1.3210000e+03   1.6241092e-01
   1.3220000e+03   1.5895430e-01
   1.3230000e+03   1.4767774e-01
   1.3240000e+03   1.4321144e-01
   1.3250000e+03   1.4041031e-01
   1.3260000e+03   1.2379863e-01
   1.3270000e+03   1.1560169e-01
   1.3280000e+03   1.2043111e-01
   1.3290000e+03   1.3042365e-01
   1.3300000e+03   1.2729619e-01
   1.3310000e+03   1.1381775e-01
   1.3320000e+03   1.1145463e-01
   1.3330000e+03   1.1628862e-01
   1.3340000e+03   1.2010169e-01
   1.3350000e+03   1.1641898e-01
   1.3360000e+03   1.1946164e-01
   1.3370000e+03   1.2429020e-01
   1.3380000e+03   1.1843143e-01
   1.3390000e+03   1.1621237e-01
   1.3400000e+03   1.2500865e-01
   1.3410000e+03   1.2929693e-01
   1.3420000e+03   1.3468282e-01
   1.3430000e+03   1.2790136e-01
   1.3440000e+03   1.2572688e-01
   1.3450000e+03   1.2744746e-01
   1.3460000e+03   1.3613358e-01
   1.3470000e+03   1.3313863e-01
   1.3480000e+03   1.3879076e-01
   1.3490000e+03   1.4010587e-01
   1.3500000e+03   1.3442502e-01
   1.3510000e+03   1.3910589e-01
   1.3520000e+03   1.4330948e-01
   1.3530000e+03   1.3593441e-01
   1.3540000e+03   1.3028591e-01
   1.3550000e+03   1.2985841e-01
   1.3560000e+03   1.4380775e-01
   1.3570000e+03   1.5967759e-01
   1.3580000e+03   1.6343238e-01
   1.3590000e+03   1.4936230e-01
   1.3600000e+03   1.3545656e-01
   1.3610000e+03   1.4094583e-01
   1.3620000e+03   1.4059906e-01
   1.3630000e+03   1.4830968e-01
   1.3640000e+03   1.4597530e-01
   1.3650000e+03   1.3379790e-01
   1.3660000e+03   1.2600228e-01
   1.3670000e+03   1.3511350e-01
   1.3680000e+03   1.3851700e-01
   1.3690000e+03   1.3161925e-01
   1.3700000e+03   1.3451537e-01
   1.3710000e+03   1.3970720e-01
   1.3720000e+03   1.3179813e-01
   1.3730000e+03   1.3653755e-01
   1.3740000e+03   1.4169179e-01
   1.3750000e+03   1.4655245e-01
   1.3760000e+03   1.4637569e-01
   1.3770000e+03   1.4170635e-01
   1.3780000e+03   1.4719953e-01
   1.3790000e+03   1.5673296e-01
   1.3800000e+03   1.5213377e-01
   1.3810000e+03   1.4836772e-01
   1.3820000e+03   1.5186260e-01
   1.3830000e+03   1.3589379e-01
   1.3840000e+03   1.4571814e-01
   1.3850000e+03   1.5866330e-01
   1.3860000e+03   1.5000366e-01
   1.3870000e+03   1.4395234e-01
   1.3880000e+03   1.4872790e-01
   1.3890000e+03   1.6471249e-01
   1.3900000e+03   1.5679575e-01
   1.3910000e+03   1.5250852e-01
   1.3920000e+03   1.5808689e-01
   1.3930000e+03   1.6484337e-01
   1.3940000e+03   1.7287193e-01
   1.3950000e+03   1.8404115e-01
   1.3960000e+03   1.9909260e-01
   1.3970000e+03   2.0124511e-01
   1.3980000e+03   2.0786071e-01
   1.3990000e+03   2.2581929e-01
   1.4000000e+03   2.4781627e-01
   1.4010000e+03   2.6374270e-01
   1.4020000e+03   2.7239253e-01
   1.4030000e+03   2.8638245e-01
   1.4040000e+03   3.0765140e-01
   1.4050000e+03   3.2102359e-01
   1.4060000e+03   3.2001859e-01
   1.4070000e+03   3.2119163e-01
   1.4080000e+03   3.1595058e-01
   1.4090000e+03   3.0226600e-01
   1.4100000e+03   2.8993245e-01
   1.4110000e+03   2.9216034e-01
   1.4120000e+03   2.7839789e-01
   1.4130000e+03   2.5473084e-01
   1.4140000e+03   2.6445312e-01
   1.4150000e+03   2.5799635e-01
   1.4160000e+03   2.4249104e-01
   1.4170000e+03   2.1792044e-01
   1.4180000e+03   2.0507504e-01
   1.4190000e+03   2.0733480e-01
   1.4200000e+03   1.9668646e-01
   1.4210000e+03   1.7990836e-01
   1.4220000e+03   1.8251067e-01
   1.4230000e+03   1.8898163e-01
   1.4240000e+03   1.8045439e-01
   1.4250000e+03   1.7660015e-01
   1.4260000e+03   1.7955537e-01
   1.4270000e+03   1.6962439e-01
   1.4280000e+03   1.5889377e-01
   1.4290000e+03   1.4931634e-01
   1.4300000e+03   1.4377880e-01
   1.4310000e+03   1.4083916e-01
   1.4320000e+03   1.3144965e-01
   1.4330000e+03   1.2998582e-01
   1.4340000e+03   1.3856273e-01
   1.4350000e+03   1.3326438e-01
   1.4360000e+03   1.3436784e-01
   1.4370000e+03   1.4179370e-01
   1.4380000e+03   1.3813677e-01
   1.4390000e+03   1.3476027e-01
   1.4400000e+03   1.3275046e-01
   1.4410000e+03   1.3809743e-01
   1.4420000e+03   1.4564132e-01
   1.4430000e+03   1.4559184e-01
   1.4440000e+03   1.4205573e-01
   1.4450000e+03   1.5470428e-01
   1.4460000e+03   1.6237088e-01
   1.4470000e+03   1.6908969e-01
   1.4480000e+03   1.7287860e-01
   1.4490000e+03   1.8181348e-01
   1.4500000e+03   1.7854407e-01
   1.4510000e+03   1.7895563e-01
   1.4520000e+03   1.8839145e-01
   1.4530000e+03   2.0234015e-01
   1.4540000e+03   2.1192836e-01
   1.4550000e+03   2.1973339e-01
   1.4560000e+03   2.2984242e-01
   1.4570000e+03   2.3920939e-01
   1.4580000e+03   2.6354283e-01
   1.4590000e+03   2.7252711e-01
   1.4600000e+03   2.6019101e-01
   1.4610000e+03   2.6079843e-01
   1.4620000e+03   2.6820093e-01
   1.4630000e+03   2.8623838e-01
   1.4640000e+03   2.8823143e-01
   1.4650000e+03   2.9216878e-01
   1.4660000e+03   3.0298588e-01
   1.4670000e+03   3.0009583e-01
   1.4680000e+03   3.0278170e-01
   1.4690000e+03   3.1409637e-01
   1.4700000e+03   3.1457676e-01
   1.4710000e+03   3.0869610e-01
   1.4720000e+03   3.1148867e-01
   1.4730000e+03   3.2147845e-01
   1.4740000e+03   3.2179568e-01
   1.4750000e+03   3.1901256e-01
   1.4760000e+03   3.3306589e-01
   1.4770000e+03   3.3485121e-01
   1.4780000e+03   3.2533970e-01
   1.4790000e+03   3.3328114e-01
   1.4800000e+03   3.4233747e-01
   1.4810000e+03   3.5438174e-01
   1.4820000e+03   3.6730669e-01
   1.4830000e+03   3.5917268e-01
   1.4840000e+03   3.5735604e-01
   1.4850000e+03   3.7556879e-01
   1.4860000e+03   3.8635127e-01
   1.4870000e+03   4.1325177e-01
   1.4880000e+03   4.3000406e-01
   1.4890000e+03   4.2568661e-01
   1.4900000e+03   4.2807725e-01
   1.4910000e+03   4.4423339e-01
   1.4920000e+03   4.7144771e-01
   1.4930000e+03   4.9410146e-01
   1.4940000e+03   5.2528911e-01
   1.4950000e+03   5.4552814e-01
   1.4960000e+03   5.5537709e-01
   1.4970000e+03   5.6752248e-01
   1.4980000e+03   5.8514851e-01
   1.4990000e+03   6.0936708e-01
   1.5000000e+03   6.2103592e-01
   1.5010000e+03   6.4069713e-01
   1.5020000e+03   6.6320666e-01
   1.5030000e+03   6.7688919e-01
   1.5040000e+03   6.7848039e-01
   1.5050000e+03   6.8987257e-01
   1.5060000e+03   7.1928383e-01
   1.5070000e+03   7.5289670e-01
   1.5080000e+03   7.8346545e-01
   1.5090000e+03   8.1143209e-01
   1.5100000e+03   8.3206355e-01
   1.5110000e+03   8.8559584e-01
   1.5120000e+03   9.5558534e-01
   1.5130000e+03   1.0314939e+00
   1.5140000e+03   1.1143166e+00
   1.5150000e+03   1.2018157e+00
   1.5160000e+03   1.3220358e+00
   1.5170000e+03   1.4661487e+00
   1.5180000e+03   1.6293509e+00
   1.5190000e+03   1.8162469e+00
   1.5200000e+03   2.0255923e+00
   1.5210000e+03   2.2375877e+00
   1.5220000e+03   2.4447129e+00
   1.5230000e+03   2.6428341e+00
   1.5240000e+03   2.8309540e+00
   1.5250000e+03   2.9726230e+00
   1.5260000e+03   3.0840343e+00
   1.5270000e+03   3.1620374e+00
   1.5280000e+03   3.1765775e+00
   1.5290000e+03   3.1011553e+00
   1.5300000e+03   2.9542276e+00
   1.5310000e+03   2.7837028e+00
   1.5320000e+03   2.5974238e+00
   1.5330000e+03   2.3586155e+00
   1.5340000e+03   2.1139479e+00
   1.5350000e+03   1.8946271e+00
   1.5360000e+03   1.6874417e+00
   1.5370000e+03   1.4985463e+00
   1.5380000e+03   1.3329416e+00
   1.5390000e+03   1.1804428e+00
   1.5400000e+03   1.0635562e+00
   1.5410000e+03   9.5594616e-01
   1.5420000e+03   8.5067436e-01
   1.5430000e+03   7.6993769e-01
   1.5440000e+03   7.0020643e-01
   1.5450000e+03   6.5456310e-01
   1.5460000e+03   6.1373289e-01
   1.5470000e+03   5.6492413e-01
   1.5480000e+03   5.1759163e-01
   1.5490000e+03   4.7358204e-01
   1.5500000e+03   4.4984670e-01
   1.5510000e+03   4.3843816e-01
   1.5520000e+03   4.1405634e-01
   1.5530000e+03   3.9641790e-01
   1.5540000e+03   3.8329078e-01
   1.5550000e+03   3.6975999e-01
   1.5560000e+03   3.7609623e-01
   1.5570000e+03   3.6251539e-01
   1.5580000e+03   3.5466788e-01
   1.5590000e+03   3.5226787e-01
   1.5600000e+03   3.5731324e-01
   1.5610000e+03   3.4832424e-01
   1.5620000e+03   3.1951903e-01
   1.5630000e+03   3.1209469e-01
   1.5640000e+03   3.2541951e-01
   1.5650000e+03   3.4095803e-01
   1.5660000e+03   3.5219198e-01
   1.5670000e+03   3.4432829e-01
   1.5680000e+03   3.3506145e-01
   1.5690000e+03   3.3624158e-01
   1.5700000e+03   3.2926668e-01
   1.5710000e+03   3.4168219e-01
   1.5720000e+03   3.3872471e-01
   1.5730000e+03   3.2489823e-01
   1.5740000e+03   3.2864614e-01
   1.5750000e+03   3.1740914e-01
   1.5760000e+03   3.1316461e-01
   1.5770000e+03   3.2807839e-01
   1.5780000e+03   3.1874897e-01
   1.5790000e+03   3.0687036e-01
   1.5800000e+03   3.1027634e-01
   1.5810000e+03   3.0738380e-01
   1.5820000e+03   3.0524211e-01
   1.5830000e+03   2.9847851e-01
   1.5840000e+03   2.9479393e-01
   1.5850000e+03   3.0314677e-01
   1.5860000e+03   3.0701156e-01
   1.5870000e+03   2.9389450e-01
   1.5880000e+03   2.9765021e-01
   1.5890000e+03   3.2254453e-01
   1.5900000e+03   3.2578911e-01
   1.5910000e+03   3.1032419e-01
   1.5920000e+03   3.0101661e-01
   1.5930000e+03   3.1330250e-01
   1.5940000e+03   3.2178732e-01
   1.5950000e+03   3.2899116e-01
   1.5960000e+03   3.3375567e-01
   1.5970000e+03   3.4563093e-01
   1.5980000e+03   3.5611252e-01
   1.5990000e+03   3.7174659e-01
   1.6000000e+03   3.7770481e-01
   1.6010000e+03   3.6692271e-01
   1.6020000e+03   3.7270945e-01
   1.6030000e+03   3.7718504e-01
   1.6040000e+03   3.8797205e-01
   1.6050000e+03   4.1337278e-01
   1.6060000e+03   4.2650389e-01
   1.6070000e+03   4.2065077e-01
   1.6080000e+03   4.0611636e-01
   1.6090000e+03   4.1204218e-01
   1.6100000e+03   4.3339850e-01
   1.6110000e+03   4.3255555e-01
   1.6120000e+03   4.2871576e-01
   1.6130000e+03   4.4346063e-01
   1.6140000e+03   4.4981220e-01
   1.6150000e+03   4.3726497e-01
   1.6160000e+03   4.2113163e-01
   1.6170000e+03   4.3393914e-01
   1.6180000e+03   4.4253240e-01
   1.6190000e+03   4.3345073e-01
   1.6200000e+03   4.3248309e-01
   1.6210000e+03   4.4115066e-01
   1.6220000e+03   4.7049409e-01
   1.6230000e+03   4.9058824e-01
   1.6240000e+03   5.0759357e-01
   1.6250000e+03   5.2317392e-01
   1.6260000e+03   5.4137788e-01
   1.6270000e+03   5.5329710e-01
   1.6280000e+03   5.5787935e-01
   1.6290000e+03   5.6940870e-01
   1.6300000e+03   5.8882897e-01
   1.6310000e+03   6.0777643e-01
   1.6320000e+03   6.4495589e-01
   1.6330000e+03   6.7965140e-01
   1.6340000e+03   6.7382802e-01
   1.6350000e+03   7.0768964e-01
   1.6360000e+03   7.4613971e-01
   1.6370000e+03   7.7618334e-01
   1.6380000e+03   8.0837522e-01
   1.6390000e+03   8.4271687e-01
   1.6400000e+03   8.7558417e-01
   1.6410000e+03   9.1092808e-01
   1.6420000e+03   9.2864265e-01
   1.6430000e+03   9.4384753e-01
   1.6440000e+03   9.4964291e-01
   1.6450000e+03   9.6011870e-01
   1.6460000e+03   9.8233865e-01
   1.6470000e+03   1.0192479e+00
   1.6480000e+03   1.0450142e+00
   1.6490000e+03   1.0278009e+00
   1.6500000e+03   1.0266643e+00
   1.6510000e+03   1.0343845e+00
   1.6520000e+03   1.0024464e+00
   1.6530000e+03   9.9878673e-01
   1.6540000e+03   1.0113816e+00
   1.6550000e+03   9.9741132e-01
   1.6560000e+03   9.9037289e-01
   1.6570000e+03   9.7593654e-01
   1.6580000e+03   9.5550803e-01
   1.6590000e+03   9.2948899e-01
   1.6600000e+03   8.9685534e-01
   1.6610000e+03   8.7318387e-01
   1.6620000e+03   8.5361924e-01
   1.6630000e+03   8.1742643e-01
   1.6640000e+03   7.7665185e-01
   1.6650000e+03   7.4381211e-01
   1.6660000e+03   7.0719678e-01
   1.6670000e+03   6.8761098e-01
   1.6680000e+03   6.6536726e-01
   1.6690000e+03   6.3041171e-01
   1.6700000e+03   5.9253714e-01
   1.6710000e+03   5.6113323e-01
   1.6720000e+03   5.3164267e-01
   1.6730000e+03   5.0434038e-01
   1.6740000e+03   4.9503189e-01
   1.6750000e+03   4.7683196e-01
   1.6760000e+03   4.3943836e-01
   1.6770000e+03   4.2505500e-01
   1.6780000e+03   4.1062764e-01
   1.6790000e+03   3.7778995e-01
   1.6800000e+03   3.5172046e-01
   1.6810000e+03   3.3780116e-01
   1.6820000e+03   3.2049469e-01
   1.6830000e+03   2.9611218e-01
   1.6840000e+03   2.7354219e-01
   1.6850000e+03   2.6459012e-01
   1.6860000e+03   2.6230963e-01
   1.6870000e+03   2.5091463e-01
   1.6880000e+03   2.3679842e-01
   1.6890000e+03   2.3068524e-01
   1.6900000e+03   2.2593753e-01
   1.6910000e+03   2.0095783e-01
   1.6920000e+03   1.8187013e-01
   1.6930000e+03   1.8416041e-01
   1.6940000e+03   1.8989966e-01
   1.6950000e+03   1.8268829e-01
   1.6960000e+03   1.6879979e-01
   1.6970000e+03   1.7057727e-01
   1.6980000e+03   1.9113832e-01
   1.6990000e+03   1.8918790e-01
   1.7000000e+03   1.6103498e-01
   1.7010000e+03   1.3552419e-01
   1.7020000e+03   1.3117302e-01
   1.7030000e+03   1.2263442e-01
   1.7040000e+03   1.0941390e-01
   1.7050000e+03   1.0208202e-01
   1.7060000e+03   1.1621327e-01
   1.7070000e+03   1.1705551e-01
   1.7080000e+03   1.0345895e-01
   1.7090000e+03   8.7492749e-02
   1.7100000e+03   8.1573525e-02
   1.7110000e+03   7.8687316e-02
   1.7120000e+03   7.6510030e-02
   1.7130000e+03   7.7533049e-02
   1.7140000e+03   8.4150521e-02
   1.7150000e+03   8.0938677e-02
   1.7160000e+03   7.1207215e-02
   1.7170000e+03   6.1221771e-02
   1.7180000e+03   6.6511484e-02
   1.7190000e+03   7.1309222e-02
   1.7200000e+03   6.1097848e-02
   1.7210000e+03   5.0436302e-02
   1.7220000e+03   4.8650555e-02
   1.7230000e+03   5.0557145e-02
   1.7240000e+03   5.2381579e-02
   1.7250000e+03   5.7071745e-02
   1.7260000e+03   5.2256417e-02
   1.7270000e+03   5.1608639e-02
   1.7280000e+03   4.8606274e-02
   1.7290000e+03   4.2085194e-02
   1.7300000e+03   4.7109878e-02
   1.7310000e+03   4.7353950e-02
   1.7320000e+03   5.1917118e-02
   1.7330000e+03   5.2725563e-02
   1.7340000e+03   4.7890933e-02
   1.7350000e+03   3.7373428e-02
   1.7360000e+03   3.5151015e-02
   1.7370000e+03   3.4580447e-02
   1.7380000e+03   3.7660018e-02
   1.7390000e+03   3.3992802e-02
   1.7400000e+03   3.3184533e-02
   1.7410000e+03   3.3224251e-02
   1.7420000e+03   3.5086880e-02
   1.7430000e+03   3.5564302e-02
   1.7440000e+03   3.2398426e-02
   1.7450000e+03   3.1438310e-02
   1.7460000e+03   2.1735578e-02
   1.7470000e+03   2.0348032e-02
   1.7480000e+03   1.9360512e-02
   1.7490000e+03   1.8724272e-02
   1.7500000e+03   2.8124545e-02
   1.7510000e+03   3.4658037e-02
   1.7520000e+03   2.9914704e-02
   1.7530000e+03   2.2911534e-02
   1.7540000e+03   2.0449468e-02
   1.7550000e+03   2.2757277e-02
   1.7560000e+03   2.2057292e-02
   1.7570000e+03   2.0096944e-02
   1.7580000e+03   1.6593056e-02
   1.7590000e+03   2.0784104e-02
   1.7600000e+03   2.3550396e-02
   1.7610000e+03   1.4223165e-02
   1.7620000e+03   8.3089359e-03
   1.7630000e+03   9.9257951e-03
   1.7640000e+03   8.8802910e-03
   1.7650000e+03   1.1203652e-02
   1.7660000e+03   1.7113435e-02
   1.7670000e+03   1.2259435e-02
   1.7680000e+03   2.1786001e-02
   1.7690000e+03   2.9451051e-02
   1.7700000e+03   2.5073517e-02
   1.7710000e+03   1.1881266e-02
   1.7720000e+03   7.7152690e-03
   1.7730000e+03   7.2064780e-03
   1.7740000e+03   3.6476911e-03
   1.7750000e+03   9.1768398e-03
   1.7760000e+03   2.1894379e-02
   1.7770000e+03   2.1833160e-02
   1.7780000e+03   1.7142238e-02
   1.7790000e+03   1.1033453e-02
   1.7800000e+03   5.3286974e-03
   1.7810000e+03   1.1915555e-02
   1.7820000e+03   1.9161976e-02
   1.7830000e+03   2.0010454e-02
   1.7840000e+03   1.5636516e-02
   1.7850000e+03   6.2365177e-03
   1.7860000e+03   1.1982089e-02
   1.7870000e+03   1.7274810e-02
   1.7880000e+03   2.2664629e-02
   1.7890000e+03   1.5284076e-02
   1.7900000e+03   8.4500467e-04
   1.7910000e+03  -3.4725853e-03
   1.7920000e+03   2.3745103e-03
   1.7930000e+03   9.6296063e-03
   1.7940000e+03   5.1943046e-03
   1.7950000e+03  -2.3031719e-04
   1.7960000e+03  -9.1624917e-03
   1.7970000e+03  -2.9961019e-03
   1.7980000e+03   4.1385665e-03
   1.7990000e+03   1.2794993e-02
