# nu(cm-1)        I    I_pol
    1100.0  0.56326  0.56271
    1100.5  0.56325  0.56270
    1101.0  0.56324  0.56269
    1101.5  0.56324  0.56268
    1102.0  0.56323  0.56267
    1102.5  0.56322  0.56266
    1103.0  0.56322  0.56265
    1103.5  0.56321  0.56263
    1104.0  0.56320  0.56262
    1104.5  0.56320  0.56261
    1105.0  0.56319  0.56260
    1105.5  0.56318  0.56259
    1106.0  0.56318  0.56258
    1106.5  0.56317  0.56257
    1107.0  0.56316  0.56256
    1107.5  0.56316  0.56255
    1108.0  0.56315  0.56253
    1108.5  0.56315  0.56252
    1109.0  0.56314  0.56251
    1109.5  0.56313  0.56250
    1110.0  0.56313  0.56249
    1110.5  0.56312  0.56248
    1111.0  0.56312  0.56247
    1111.5  0.56311  0.56246
    1112.0  0.56310  0.56245
    1112.5  0.56310  0.56244
    1113.0  0.56309  0.56242
    1113.5  0.56309  0.56241
    1114.0  0.56308  0.56240
    1114.5  0.56308  0.56239
    1115.0  0.56307  0.56238
    1115.5  0.56307  0.56237
    1116.0  0.56306  0.56236
    1116.5  0.56306  0.56235
    1117.0  0.56305  0.56234
    1117.5  0.56305  0.56233
    1118.0  0.56304  0.56231
    1118.5  0.56304  0.56230
    1119.0  0.56303  0.56229
    1119.5  0.56303  0.56228
    1120.0  0.56302  0.56227
    1120.5  0.56302  0.56226
    1121.0  0.56301  0.56225
    1121.5  0.56301  0.56224
    1122.0  0.56300  0.56223
    1122.5  0.56300  0.56221
    1123.0  0.56300  0.56220
    1123.5  0.56299  0.56219
    1124.0  0.56299  0.56218
    1124.5  0.56298  0.56217
    1125.0  0.56298  0.56216
    1125.5  0.56298  0.56215
    1126.0  0.56297  0.56214
    1126.5  0.56297  0.56213
    1127.0  0.56297  0.56212
    1127.5  0.56296  0.56210
    1128.0  0.56296  0.56209
    1128.5  0.56296  0.56208
    1129.0  0.56296  0.56207
    1129.5  0.56295  0.56206
    1130.0  0.56295  0.56205
    1130.5  0.56295  0.56204
    1131.0  0.56295  0.56203
    1131.5  0.56294  0.56202
    1132.0  0.56294  0.56200
    1132.5  0.56294  0.56199
    1133.0  0.56294  0.56198
    1133.5  0.56294  0.56197
    1134.0  0.56293  0.56196
    1134.5  0.56293  0.56195
    1135.0  0.56293  0.56194
    1135.5  0.56293  0.56193
    1136.0  0.56293  0.56192
    1136.5  0.56293  0.56191
    1137.0  0.56293  0.56189
    1137.5  0.56293  0.56188
    1138.0  0.56293  0.56187
    1138.5  0.56293  0.56186
    1139.0  0.56293  0.56185
    1139.5  0.56293  0.56184
    1140.0  0.56293  0.56183
    1140.5  0.56293  0.56182
    1141.0  0.56293  0.56181
    1141.5  0.56293  0.56179
    1142.0  0.56293  0.56178
    1142.5  0.56293  0.56177
    1143.0  0.56294  0.56176
    1143.5  0.56294  0.56175
    1144.0  0.56294  0.56174
    1144.5  0.56294  0.56173
    1145.0  0.56294  0.56172
    1145.5  0.56295  0.56171
    1146.0  0.56295  0.56170
    1146.5  0.56295  0.56168
    1147.0  0.56296  0.56167
    1147.5  0.56296  0.56166
    1148.0  0.56296  0.56165
    1148.5  0.56297  0.56164
    1149.0  0.56297  0.56163
    1149.5  0.56298  0.56162
    1150.0  0.56298  0.56161
    1150.5  0.56299  0.56160
    1151.0  0.56299  0.56158
    1151.5  0.56300  0.56157
    1152.0  0.56300  0.56156
    1152.5  0.56301  0.56155
    1153.0  0.56302  0.56154
    1153.5  0.56302  0.56153
    1154.0  0.56303  0.56152
    1154.5  0.56304  0.56151
    1155.0  0.56305  0.56150
    1155.5  0.56306  0.56149
    1156.0  0.56307  0.56147
    1156.5  0.56307  0.56146
    1157.0  0.56308  0.56145
    1157.5  0.56309  0.56144
    1158.0  0.56310  0.56143
    1158.5  0.56312  0.56142
    1159.0  0.56313  0.56141
    1159.5  0.56314  0.56140
    1160.0  0.56315  0.56139
    1160.5  0.56316  0.56137
    1161.0  0.56318  0.56136
    1161.5  0.56319  0.56135
    1162.0  0.56320  0.56134
    1162.5  0.56322  0.56133
    1163.0  0.56323  0.56132
    1163.5  0.56325  0.56131
    1164.0  0.56327  0.56130
    1164.5  0.56328  0.56129
    1165.0  0.56330  0.56128
    1165.5  0.56332  0.56126
    1166.0  0.56334  0.56125
    1166.5  0.56336  0.56124
    1167.0  0.56338  0.56123
    1167.5  0.56340  0.56122
    1168.0  0.56342  0.56121
    1168.5  0.56344  0.56120
    1169.0  0.56346  0.56119
    1169.5  0.56349  0.56118
    1170.0  0.56351  0.56117
    1170.5  0.56354  0.56115
    1171.0  0.56356  0.56114
    1171.5  0.56359  0.56113
    1172.0  0.56362  0.56112
    1172.5  0.56365  0.56111
    1173.0  0.56368  0.56110
    1173.5  0.56371  0.56109
    1174.0  0.56374  0.56108
    1174.5  0.56378  0.56107
    1175.0  0.56381  0.56105
    1175.5  0.56384  0.56104
    1176.0  0.56388  0.56103
    1176.5  0.56392  0.56102
    1177.0  0.56396  0.56101
    1177.5  0.56400  0.56100
    1178.0  0.56404  0.56099
    1178.5  0.56408  0.56098
    1179.0  0.56413  0.56097
    1179.5  0.56417  0.56096
    1180.0  0.56422  0.56094
    1180.5  0.56427  0.56093
    1181.0  0.56432  0.56092
    1181.5  0.56437  0.56091
    1182.0  0.56443  0.56090
    1182.5  0.56448  0.56089
    1183.0  0.56454  0.56088
    1183.5  0.56460  0.56087
    1184.0  0.56466  0.56086
    1184.5  0.56473  0.56084
    1185.0  0.56480  0.56083
    1185.5  0.56486  0.56082
    1186.0  0.56494  0.56081
    1186.5  0.56501  0.56080
    1187.0  0.56509  0.56079
    1187.5  0.56517  0.56078
    1188.0  0.56525  0.56077
    1188.5  0.56533  0.56076
    1189.0  0.56542  0.56075
    1189.5  0.56551  0.56073
    1190.0  0.56561  0.56072
    1190.5  0.56571  0.56071
    1191.0  0.56581  0.56070
    1191.5  0.56592  0.56069
    1192.0  0.56603  0.56068
    1192.5  0.56614  0.56067
    1193.0  0.56626  0.56066
    1193.5  0.56639  0.56065
    1194.0  0.56652  0.56063
    1194.5  0.56665  0.56062
    1195.0  0.56679  0.56061
    1195.5  0.56694  0.56060
    1196.0  0.56709  0.56059
    1196.5  0.56725  0.56058
    1197.0  0.56742  0.56057
    1197.5  0.56760  0.56056
    1198.0  0.56778  0.56055
    1198.5  0.56798  0.56054
    1199.0  0.56819  0.56052
    1199.5  0.56840  0.56051
    1200.0  0.56863  0.56050
    1200.5  0.56887  0.56049
    1201.0  0.56913  0.56048
    1201.5  0.56941  0.56047
    1202.0  0.56970  0.56046
    1202.5  0.57001  0.56045
    1203.0  0.57035  0.56044
    1203.5  0.57071  0.56042
    1204.0  0.57109  0.56041
    1204.5  0.57151  0.56040
    1205.0  0.57196  0.56039
    1205.5  0.57245  0.56038
    1206.0  0.57298  0.56037
    1206.5  0.57355  0.56036
    1207.0  0.57418  0.56035
    1207.5  0.57486  0.56034
    1208.0  0.57560  0.56033
    1208.5  0.57640  0.56031
    1209.0  0.57728  0.56030
    1209.5  0.57824  0.56029
    1210.0  0.57928  0.56028
    1210.5  0.58042  0.56027
    1211.0  0.58166  0.56026
    1211.5  0.58300  0.56025
    1212.0  0.58446  0.56024
    1212.5  0.58605  0.56023
    1213.0  0.58777  0.56022
    1213.5  0.58962  0.56020
    1214.0  0.59163  0.56019
    1214.5  0.59378  0.56018
    1215.0  0.59610  0.56017
    1215.5  0.59858  0.56016
    1216.0  0.60123  0.56015
    1216.5  0.60406  0.56014
    1217.0  0.60707  0.56013
    1217.5  0.61026  0.56012
    1218.0  0.61364  0.56010
    1218.5  0.61719  0.56009
    1219.0  0.62092  0.56008
    1219.5  0.62483  0.56007
    1220.0  0.62891  0.56006
    1220.5  0.63315  0.56005
    1221.0  0.63754  0.56004
    1221.5  0.64206  0.56003
    1222.0  0.64671  0.56002
    1222.5  0.65146  0.56001
    1223.0  0.65629  0.55999
    1223.5  0.66117  0.55998
    1224.0  0.66607  0.55997
    1224.5  0.67097  0.55996
    1225.0  0.67581  0.55995
    1225.5  0.68056  0.55994
    1226.0  0.68517  0.55993
    1226.5  0.68959  0.55992
    1227.0  0.69376  0.55991
    1227.5  0.69765  0.55989
    1228.0  0.70118  0.55988
    1228.5  0.70431  0.55987
    1229.0  0.70700  0.55986
    1229.5  0.70920  0.55985
    1230.0  0.71089  0.55984
    1230.5  0.71204  0.55983
    1231.0  0.71265  0.55982
    1231.5  0.71273  0.55981
    1232.0  0.71229  0.55980
    1232.5  0.71137  0.55978
    1233.0  0.71000  0.55977
    1233.5  0.70824  0.55976
    1234.0  0.70613  0.55975
    1234.5  0.70373  0.55974
    1235.0  0.70111  0.55973
    1235.5  0.69830  0.55972
    1236.0  0.69537  0.55971
    1236.5  0.69237  0.55970
    1237.0  0.68933  0.55968
    1237.5  0.68630  0.55967
    1238.0  0.68330  0.55966
    1238.5  0.68038  0.55965
    1239.0  0.67754  0.55964
    1239.5  0.67480  0.55963
    1240.0  0.67219  0.55962
    1240.5  0.66971  0.55961
    1241.0  0.66735  0.55960
    1241.5  0.66513  0.55959
    1242.0  0.66304  0.55957
    1242.5  0.66106  0.55956
    1243.0  0.65918  0.55955
    1243.5  0.65740  0.55954
    1244.0  0.65569  0.55953
    1244.5  0.65403  0.55952
    1245.0  0.65239  0.55951
    1245.5  0.65077  0.55950
    1246.0  0.64914  0.55949
    1246.5  0.64747  0.55947
    1247.0  0.64574  0.55946
    1247.5  0.64396  0.55945
    1248.0  0.64209  0.55944
    1248.5  0.64014  0.55943
    1249.0  0.63810  0.55942
    1249.5  0.63598  0.55941
    1250.0  0.63377  0.55940
    1250.5  0.63149  0.55939
    1251.0  0.62915  0.55938
    1251.5  0.62676  0.55936
    1252.0  0.62433  0.55935
    1252.5  0.62188  0.55934
    1253.0  0.61941  0.55933
    1253.5  0.61695  0.55932
    1254.0  0.61450  0.55931
    1254.5  0.61208  0.55930
    1255.0  0.60970  0.55929
    1255.5  0.60735  0.55928
    1256.0  0.60506  0.55926
    1256.5  0.60283  0.55925
    1257.0  0.60066  0.55924
    1257.5  0.59855  0.55923
    1258.0  0.59652  0.55922
    1258.5  0.59457  0.55921
    1259.0  0.59269  0.55920
    1259.5  0.59088  0.55919
    1260.0  0.58916  0.55918
    1260.5  0.58752  0.55917
    1261.0  0.58596  0.55915
    1261.5  0.58447  0.55914
    1262.0  0.58307  0.55913
    1262.5  0.58174  0.55912
    1263.0  0.58048  0.55911
    1263.5  0.57930  0.55910
    1264.0  0.57819  0.55909
    1264.5  0.57715  0.55908
    1265.0  0.57618  0.55907
    1265.5  0.57527  0.55906
    1266.0  0.57441  0.55904
    1266.5  0.57362  0.55903
    1267.0  0.57288  0.55902
    1267.5  0.57218  0.55901
    1268.0  0.57154  0.55900
    1268.5  0.57094  0.55899
    1269.0  0.57039  0.55898
    1269.5  0.56987  0.55897
    1270.0  0.56939  0.55896
    1270.5  0.56894  0.55894
    1271.0  0.56852  0.55893
    1271.5  0.56813  0.55892
    1272.0  0.56777  0.55891
    1272.5  0.56743  0.55890
    1273.0  0.56711  0.55889
    1273.5  0.56682  0.55888
    1274.0  0.56654  0.55887
    1274.5  0.56628  0.55886
    1275.0  0.56603  0.55885
    1275.5  0.56580  0.55883
    1276.0  0.56558  0.55882
    1276.5  0.56537  0.55881
    1277.0  0.56517  0.55880
    1277.5  0.56499  0.55879
    1278.0  0.56481  0.55878
    1278.5  0.56464  0.55877
    1279.0  0.56447  0.55876
    1279.5  0.56432  0.55875
    1280.0  0.56417  0.55873
    1280.5  0.56403  0.55872
    1281.0  0.56389  0.55871
    1281.5  0.56376  0.55870
    1282.0  0.56363  0.55869
    1282.5  0.56351  0.55868
    1283.0  0.56339  0.55867
    1283.5  0.56327  0.55866
    1284.0  0.56316  0.55865
    1284.5  0.56305  0.55864
    1285.0  0.56295  0.55862
    1285.5  0.56284  0.55861
    1286.0  0.56275  0.55860
    1286.5  0.56265  0.55859
    1287.0  0.56256  0.55858
    1287.5  0.56247  0.55857
    1288.0  0.56238  0.55856
    1288.5  0.56229  0.55855
    1289.0  0.56221  0.55854
    1289.5  0.56213  0.55852
    1290.0  0.56205  0.55851
    1290.5  0.56197  0.55850
    1291.0  0.56189  0.55849
    1291.5  0.56182  0.55848
    1292.0  0.56175  0.55847
    1292.5  0.56168  0.55846
    1293.0  0.56161  0.55845
    1293.5  0.56154  0.55844
    1294.0  0.56148  0.55843
    1294.5  0.56141  0.55841
    1295.0  0.56135  0.55840
    1295.5  0.56129  0.55839
    1296.0  0.56123  0.55838
    1296.5  0.56117  0.55837
    1297.0  0.56111  0.55836
    1297.5  0.56105  0.55835
    1298.0  0.56100  0.55834
    1298.5  0.56094  0.55833
    1299.0  0.56089  0.55831
    1299.5  0.56084  0.55830
    1300.0  0.56079  0.55829
    1300.5  0.56074  0.55828
    1301.0  0.56069  0.55827
    1301.5  0.56064  0.55826
    1302.0  0.56059  0.55825
    1302.5  0.56054  0.55824
    1303.0  0.56050  0.55823
    1303.5  0.56045  0.55822
    1304.0  0.56041  0.55820
    1304.5  0.56036  0.55819
    1305.0  0.56032  0.55818
    1305.5  0.56028  0.55817
    1306.0  0.56024  0.55816
    1306.5  0.56020  0.55815
    1307.0  0.56016  0.55814
    1307.5  0.56012  0.55813
    1308.0  0.56008  0.55812
    1308.5  0.56004  0.55811
    1309.0  0.56000  0.55809
    1309.5  0.55996  0.55808
    1310.0  0.55993  0.55807
    1310.5  0.55989  0.55806
    1311.0  0.55985  0.55805
    1311.5  0.55982  0.55804
    1312.0  0.55978  0.55803
    1312.5  0.55975  0.55802
    1313.0  0.55972  0.55801
    1313.5  0.55968  0.55799
    1314.0  0.55965  0.55798
    1314.5  0.55962  0.55797
    1315.0  0.55959  0.55796
    1315.5  0.55955  0.55795
    1316.0  0.55952  0.55794
    1316.5  0.55949  0.55793
    1317.0  0.55946  0.55792
    1317.5  0.55943  0.55791
    1318.0  0.55940  0.55790
    1318.5  0.55937  0.55788
    1319.0  0.55934  0.55787
    1319.5  0.55931  0.55786
    1320.0  0.55929  0.55785
    1320.5  0.55926  0.55784
    1321.0  0.55923  0.55783
    1321.5  0.55920  0.55782
    1322.0  0.55917  0.55781
    1322.5  0.55915  0.55780
    1323.0  0.55912  0.55778
    1323.5  0.55909  0.55777
    1324.0  0.55907  0.55776
    1324.5  0.55904  0.55775
    1325.0  0.55902  0.55774
    1325.5  0.55899  0.55773
    1326.0  0.55897  0.55772
    1326.5  0.55894  0.55771
    1327.0  0.55892  0.55770
    1327.5  0.55889  0.55769
    1328.0  0.55887  0.55767
    1328.5  0.55884  0.55766
    1329.0  0.55882  0.55765
    1329.5  0.55880  0.55764
    1330.0  0.55877  0.55763
    1330.5  0.55875  0.55762
    1331.0  0.55873  0.55761
    1331.5  0.55870  0.55760
    1332.0  0.55868  0.55759
    1332.5  0.55866  0.55757
    1333.0  0.55864  0.55756
    1333.5  0.55861  0.55755
    1334.0  0.55859  0.55754
    1334.5  0.55857  0.55753
    1335.0  0.55855  0.55752
    1335.5  0.55853  0.55751
    1336.0  0.55851  0.55750
    1336.5  0.55848  0.55749
    1337.0  0.55846  0.55748
    1337.5  0.55844  0.55746
    1338.0  0.55842  0.55745
    1338.5  0.55840  0.55744
    1339.0  0.55838  0.55743
    1339.5  0.55836  0.55742
    1340.0  0.55834  0.55741
    1340.5  0.55832  0.55740
    1341.0  0.55830  0.55739
    1341.5  0.55828  0.55738
    1342.0  0.55826  0.55736
    1342.5  0.55824  0.55735
    1343.0  0.55822  0.55734
    1343.5  0.55820  0.55733
    1344.0  0.55818  0.55732
    1344.5  0.55817  0.55731
    1345.0  0.55815  0.55730
    1345.5  0.55813  0.55729
    1346.0  0.55811  0.55728
    1346.5  0.55809  0.55727
    1347.0  0.55807  0.55725
    1347.5  0.55805  0.55724
    1348.0  0.55804  0.55723
    1348.5  0.55802  0.55722
    1349.0  0.55800  0.55721
    1349.5  0.55798  0.55720
    1350.0  0.55796  0.55719
