# nu(cm-1)        I
    1100.0  0.56281
    1100.5  0.56280
    1101.0  0.56279
    1101.5  0.56278
    1102.0  0.56277
    1102.5  0.56275
    1103.0  0.56274
    1103.5  0.56273
    1104.0  0.56272
    1104.5  0.56271
    1105.0  0.56270
    1105.5  0.56269
    1106.0  0.56268
    1106.5  0.56267
    1107.0  0.56266
    1107.5  0.56265
    1108.0  0.56264
    1108.5  0.56263
    1109.0  0.56262
    1109.5  0.56261
    1110.0  0.56260
    1110.5  0.56259
    1111.0  0.56258
    1111.5  0.56257
    1112.0  0.56256
    1112.5  0.56255
    1113.0  0.56254
    1113.5  0.56253
    1114.0  0.56251
    1114.5  0.56250
    1115.0  0.56249
    1115.5  0.56248
    1116.0  0.56247
    1116.5  0.56246
    1117.0  0.56245
    1117.5  0.56244
    1118.0  0.56243
    1118.5  0.56242
    1119.0  0.56241
    1119.5  0.56240
    1120.0  0.56239
    1120.5  0.56238
    1121.0  0.56237
    1121.5  0.56236
    1122.0  0.56235
    1122.5  0.56234
    1123.0  0.56233
    1123.5  0.56232
    1124.0  0.56231
    1124.5  0.56230
    1125.0  0.56229
    1125.5  0.56228
    1126.0  0.56227
    1126.5  0.56226
    1127.0  0.56225
    1127.5  0.56224
    1128.0  0.56223
    1128.5  0.56222
    1129.0  0.56221
    1129.5  0.56220
    1130.0  0.56219
    1130.5  0.56218
    1131.0  0.56217
    1131.5  0.56216
    1132.0  0.56215
    1132.5  0.56214
    1133.0  0.56213
    1133.5  0.56212
    1134.0  0.56211
    1134.5  0.56210
    1135.0  0.56209
    1135.5  0.56208
    1136.0  0.56207
    1136.5  0.56206
    1137.0  0.56205
    1137.5  0.56204
    1138.0  0.56203
    1138.5  0.56202
    1139.0  0.56201
    1139.5  0.56200
    1140.0  0.56199
    1140.5  0.56198
    1141.0  0.56197
    1141.5  0.56196
    1142.0  0.56195
    1142.5  0.56194
    1143.0  0.56193
    1143.5  0.56192
    1144.0  0.56191
    1144.5  0.56190
    1145.0  0.56189
    1145.5  0.56188
    1146.0  0.56187
    1146.5  0.56186
    1147.0  0.56185
    1147.5  0.56184
    1148.0  0.56183
    1148.5  0.56182
    1149.0  0.56181
    1149.5  0.56180
    1150.0  0.56179
    1150.5  0.56178
    1151.0  0.56177
    1151.5  0.56176
    1152.0  0.56175
    1152.5  0.56174
    1153.0  0.56174
    1153.5  0.56173
    1154.0  0.56172
    1154.5  0.56171
    1155.0  0.56170
    1155.5  0.56169
    1156.0  0.56168
    1156.5  0.56167
    1157.0  0.56166
    1157.5  0.56165
    1158.0  0.56164
    1158.5  0.56163
    1159.0  0.56162
    1159.5  0.56161
    1160.0  0.56160
    1160.5  0.56160
    1161.0  0.56159
    1161.5  0.56158
    1162.0  0.56157
    1162.5  0.56156
    1163.0  0.56155
    1163.5  0.56154
    1164.0  0.56153
    1164.5  0.56152
    1165.0  0.56151
    1165.5  0.56151
    1166.0  0.56150
    1166.5  0.56149
    1167.0  0.56148
    1167.5  0.56147
    1168.0  0.56146
    1168.5  0.56145
    1169.0  0.56144
    1169.5  0.56143
    1170.0  0.56143
    1170.5  0.56142
    1171.0  0.56141
    1171.5  0.56140
    1172.0  0.56139
    1172.5  0.56138
    1173.0  0.56138
    1173.5  0.56137
    1174.0  0.56136
    1174.5  0.56135
    1175.0  0.56134
    1175.5  0.56133
    1176.0  0.56133
    1176.5  0.56132
    1177.0  0.56131
    1177.5  0.56130
    1178.0  0.56129
    1178.5  0.56129
    1179.0  0.56128
    1179.5  0.56127
    1180.0  0.56126
    1180.5  0.56125
    1181.0  0.56125
    1181.5  0.56124
    1182.0  0.56123
    1182.5  0.56122
    1183.0  0.56122
    1183.5  0.56121
    1184.0  0.56120
    1184.5  0.56119
    1185.0  0.56119
    1185.5  0.56118
    1186.0  0.56117
    1186.5  0.56117
    1187.0  0.56116
    1187.5  0.56115
    1188.0  0.56114
    1188.5  0.56114
    1189.0  0.56113
    1189.5  0.56112
    1190.0  0.56112
    1190.5  0.56111
    1191.0  0.56111
    1191.5  0.56110
    1192.0  0.56109
    1192.5  0.56109
    1193.0  0.56108
    1193.5  0.56107
    1194.0  0.56107
    1194.5  0.56106
    1195.0  0.56106
    1195.5  0.56105
    1196.0  0.56105
    1196.5  0.56104
    1197.0  0.56104
    1197.5  0.56103
    1198.0  0.56102
    1198.5  0.56102
    1199.0  0.56101
    1199.5  0.56101
    1200.0  0.56101
    1200.5  0.56100
    1201.0  0.56100
    1201.5  0.56099
    1202.0  0.56099
    1202.5  0.56098
    1203.0  0.56098
    1203.5  0.56098
    1204.0  0.56097
    1204.5  0.56097
    1205.0  0.56097
    1205.5  0.56096
    1206.0  0.56096
    1206.5  0.56096
    1207.0  0.56096
    1207.5  0.56095
    1208.0  0.56095
    1208.5  0.56095
    1209.0  0.56095
    1209.5  0.56095
    1210.0  0.56094
    1210.5  0.56094
    1211.0  0.56094
    1211.5  0.56094
    1212.0  0.56094
    1212.5  0.56094
    1213.0  0.56094
    1213.5  0.56094
    1214.0  0.56094
    1214.5  0.56094
    1215.0  0.56094
    1215.5  0.56094
    1216.0  0.56095
    1216.5  0.56095
    1217.0  0.56095
    1217.5  0.56095
    1218.0  0.56096
    1218.5  0.56096
    1219.0  0.56096
    1219.5  0.56097
    1220.0  0.56097
    1220.5  0.56098
    1221.0  0.56098
    1221.5  0.56099
    1222.0  0.56099
    1222.5  0.56100
    1223.0  0.56101
    1223.5  0.56101
    1224.0  0.56102
    1224.5  0.56103
    1225.0  0.56104
    1225.5  0.56105
    1226.0  0.56106
    1226.5  0.56107
    1227.0  0.56108
    1227.5  0.56109
    1228.0  0.56111
    1228.5  0.56112
    1229.0  0.56113
    1229.5  0.56115
    1230.0  0.56117
    1230.5  0.56118
    1231.0  0.56120
    1231.5  0.56122
    1232.0  0.56124
    1232.5  0.56126
    1233.0  0.56128
    1233.5  0.56130
    1234.0  0.56133
    1234.5  0.56135
    1235.0  0.56138
    1235.5  0.56141
    1236.0  0.56144
    1236.5  0.56147
    1237.0  0.56150
    1237.5  0.56153
    1238.0  0.56157
    1238.5  0.56161
    1239.0  0.56165
    1239.5  0.56169
    1240.0  0.56174
    1240.5  0.56179
    1241.0  0.56184
    1241.5  0.56190
    1242.0  0.56196
    1242.5  0.56202
    1243.0  0.56209
    1243.5  0.56216
    1244.0  0.56224
    1244.5  0.56232
    1245.0  0.56241
    1245.5  0.56251
    1246.0  0.56262
    1246.5  0.56273
    1247.0  0.56285
    1247.5  0.56298
    1248.0  0.56313
    1248.5  0.56328
    1249.0  0.56345
    1249.5  0.56363
    1250.0  0.56383
    1250.5  0.56404
    1251.0  0.56427
    1251.5  0.56452
    1252.0  0.56479
    1252.5  0.56508
    1253.0  0.56539
    1253.5  0.56573
    1254.0  0.56609
    1254.5  0.56649
    1255.0  0.56691
    1255.5  0.56736
    1256.0  0.56784
    1256.5  0.56835
    1257.0  0.56890
    1257.5  0.56949
    1258.0  0.57011
    1258.5  0.57077
    1259.0  0.57146
    1259.5  0.57220
    1260.0  0.57298
    1260.5  0.57379
    1261.0  0.57465
    1261.5  0.57554
    1262.0  0.57648
    1262.5  0.57745
    1263.0  0.57846
    1263.5  0.57951
    1264.0  0.58059
    1264.5  0.58170
    1265.0  0.58284
    1265.5  0.58400
    1266.0  0.58519
    1266.5  0.58639
    1267.0  0.58761
    1267.5  0.58883
    1268.0  0.59005
    1268.5  0.59126
    1269.0  0.59246
    1269.5  0.59364
    1270.0  0.59479
    1270.5  0.59589
    1271.0  0.59694
    1271.5  0.59793
    1272.0  0.59885
    1272.5  0.59968
    1273.0  0.60041
    1273.5  0.60104
    1274.0  0.60156
    1274.5  0.60195
    1275.0  0.60222
    1275.5  0.60235
    1276.0  0.60234
    1276.5  0.60221
    1277.0  0.60193
    1277.5  0.60153
    1278.0  0.60101
    1278.5  0.60037
    1279.0  0.59962
    1279.5  0.59878
    1280.0  0.59785
    1280.5  0.59685
    1281.0  0.59578
    1281.5  0.59466
    1282.0  0.59350
    1282.5  0.59230
    1283.0  0.59108
    1283.5  0.58985
    1284.0  0.58860
    1284.5  0.58736
    1285.0  0.58612
    1285.5  0.58489
    1286.0  0.58368
    1286.5  0.58250
    1287.0  0.58133
    1287.5  0.58020
    1288.0  0.57909
    1288.5  0.57802
    1289.0  0.57698
    1289.5  0.57598
    1290.0  0.57502
    1290.5  0.57410
    1291.0  0.57322
    1291.5  0.57237
    1292.0  0.57157
    1292.5  0.57081
    1293.0  0.57008
    1293.5  0.56940
    1294.0  0.56875
    1294.5  0.56814
    1295.0  0.56756
    1295.5  0.56702
    1296.0  0.56652
    1296.5  0.56604
    1297.0  0.56559
    1297.5  0.56518
    1298.0  0.56479
    1298.5  0.56443
    1299.0  0.56409
    1299.5  0.56377
    1300.0  0.56348
    1300.5  0.56321
    1301.0  0.56295
    1301.5  0.56271
    1302.0  0.56249
    1302.5  0.56229
    1303.0  0.56210
    1303.5  0.56192
    1304.0  0.56175
    1304.5  0.56160
    1305.0  0.56145
    1305.5  0.56131
    1306.0  0.56119
    1306.5  0.56107
    1307.0  0.56095
    1307.5  0.56085
    1308.0  0.56074
    1308.5  0.56065
    1309.0  0.56056
    1309.5  0.56047
    1310.0  0.56039
    1310.5  0.56031
    1311.0  0.56024
    1311.5  0.56017
    1312.0  0.56010
    1312.5  0.56003
    1313.0  0.55997
    1313.5  0.55991
    1314.0  0.55985
    1314.5  0.55979
    1315.0  0.55974
    1315.5  0.55968
    1316.0  0.55963
    1316.5  0.55958
    1317.0  0.55953
    1317.5  0.55949
    1318.0  0.55944
    1318.5  0.55939
    1319.0  0.55935
    1319.5  0.55931
    1320.0  0.55927
    1320.5  0.55923
    1321.0  0.55919
    1321.5  0.55915
    1322.0  0.55911
    1322.5  0.55907
    1323.0  0.55904
    1323.5  0.55900
    1324.0  0.55896
    1324.5  0.55893
    1325.0  0.55890
    1325.5  0.55886
    1326.0  0.55883
    1326.5  0.55880
    1327.0  0.55877
    1327.5  0.55874
    1328.0  0.55871
    1328.5  0.55868
    1329.0  0.55865
    1329.5  0.55862
    1330.0  0.55859
    1330.5  0.55856
    1331.0  0.55854
    1331.5  0.55851
    1332.0  0.55848
    1332.5  0.55846
    1333.0  0.55843
    1333.5  0.55841
    1334.0  0.55838
    1334.5  0.55836
    1335.0  0.55833
    1335.5  0.55831
    1336.0  0.55828
    1336.5  0.55826
    1337.0  0.55824
    1337.5  0.55821
    1338.0  0.55819
    1338.5  0.55817
    1339.0  0.55815
    1339.5  0.55813
    1340.0  0.55810
    1340.5  0.55808
    1341.0  0.55806
    1341.5  0.55804
    1342.0  0.55802
    1342.5  0.55800
    1343.0  0.55798
    1343.5  0.55796
    1344.0  0.55794
    1344.5  0.55792
    1345.0  0.55790
    1345.5  0.55788
    1346.0  0.55786
    1346.5  0.55784
    1347.0  0.55782
    1347.5  0.55780
    1348.0  0.55779
    1348.5  0.55777
    1349.0  0.55775
    1349.5  0.55773
    1350.0  0.55771
