# nu(cm-1)        I
    1100.0  0.56335
    1100.5  0.56335
    1101.0  0.56334
    1101.5  0.56333
    1102.0  0.56333
    1102.5  0.56332
    1103.0  0.56332
    1103.5  0.56331
    1104.0  0.56330
    1104.5  0.56330
    1105.0  0.56329
    1105.5  0.56329
    1106.0  0.56328
    1106.5  0.56327
    1107.0  0.56327
    1107.5  0.56326
    1108.0  0.56326
    1108.5  0.56325
    1109.0  0.56325
    1109.5  0.56324
    1110.0  0.56323
    1110.5  0.56323
    1111.0  0.56322
    1111.5  0.56322
    1112.0  0.56321
    1112.5  0.56321
    1113.0  0.56320
    1113.5  0.56320
    1114.0  0.56319
    1114.5  0.56319
    1115.0  0.56318
    1115.5  0.56318
    1116.0  0.56318
    1116.5  0.56317
    1117.0  0.56317
    1117.5  0.56316
    1118.0  0.56316
    1118.5  0.56315
    1119.0  0.56315
    1119.5  0.56315
    1120.0  0.56314
    1120.5  0.56314
    1121.0  0.56314
    1121.5  0.56313
    1122.0  0.56313
    1122.5  0.56313
    1123.0  0.56312
    1123.5  0.56312
    1124.0  0.56312
    1124.5  0.56311
    1125.0  0.56311
    1125.5  0.56311
    1126.0  0.56311
    1126.5  0.56310
    1127.0  0.56310
    1127.5  0.56310
    1128.0  0.56310
    1128.5  0.56309
    1129.0  0.56309
    1129.5  0.56309
    1130.0  0.56309
    1130.5  0.56309
    1131.0  0.56309
    1131.5  0.56308
    1132.0  0.56308
    1132.5  0.56308
    1133.0  0.56308
    1133.5  0.56308
    1134.0  0.56308
    1134.5  0.56308
    1135.0  0.56308
    1135.5  0.56308
    1136.0  0.56308
    1136.5  0.56308
    1137.0  0.56308
    1137.5  0.56308
    1138.0  0.56308
    1138.5  0.56308
    1139.0  0.56309
    1139.5  0.56309
    1140.0  0.56309
    1140.5  0.56309
    1141.0  0.56309
    1141.5  0.56309
    1142.0  0.56310
    1142.5  0.56310
    1143.0  0.56310
    1143.5  0.56311
    1144.0  0.56311
    1144.5  0.56311
    1145.0  0.56312
    1145.5  0.56312
    1146.0  0.56312
    1146.5  0.56313
    1147.0  0.56313
    1147.5  0.56314
    1148.0  0.56314
    1148.5  0.56315
    1149.0  0.56315
    1149.5  0.56316
    1150.0  0.56317
    1150.5  0.56317
    1151.0  0.56318
    1151.5  0.56319
    1152.0  0.56320
    1152.5  0.56320
    1153.0  0.56321
    1153.5  0.56322
    1154.0  0.56323
    1154.5  0.56324
    1155.0  0.56325
    1155.5  0.56326
    1156.0  0.56327
    1156.5  0.56328
    1157.0  0.56329
    1157.5  0.56330
    1158.0  0.56332
    1158.5  0.56333
    1159.0  0.56334
    1159.5  0.56336
    1160.0  0.56337
    1160.5  0.56338
    1161.0  0.56340
    1161.5  0.56341
    1162.0  0.56343
    1162.5  0.56345
    1163.0  0.56346
    1163.5  0.56348
    1164.0  0.56350
    1164.5  0.56352
    1165.0  0.56354
    1165.5  0.56356
    1166.0  0.56358
    1166.5  0.56360
    1167.0  0.56362
    1167.5  0.56365
    1168.0  0.56367
    1168.5  0.56370
    1169.0  0.56372
    1169.5  0.56375
    1170.0  0.56377
    1170.5  0.56380
    1171.0  0.56383
    1171.5  0.56386
    1172.0  0.56389
    1172.5  0.56392
    1173.0  0.56396
    1173.5  0.56399
    1174.0  0.56402
    1174.5  0.56406
    1175.0  0.56410
    1175.5  0.56413
    1176.0  0.56417
    1176.5  0.56421
    1177.0  0.56426
    1177.5  0.56430
    1178.0  0.56434
    1178.5  0.56439
    1179.0  0.56444
    1179.5  0.56449
    1180.0  0.56454
    1180.5  0.56459
    1181.0  0.56464
    1181.5  0.56470
    1182.0  0.56476
    1182.5  0.56482
    1183.0  0.56488
    1183.5  0.56494
    1184.0  0.56501
    1184.5  0.56508
    1185.0  0.56515
    1185.5  0.56522
    1186.0  0.56530
    1186.5  0.56537
    1187.0  0.56546
    1187.5  0.56554
    1188.0  0.56563
    1188.5  0.56571
    1189.0  0.56581
    1189.5  0.56590
    1190.0  0.56600
    1190.5  0.56611
    1191.0  0.56621
    1191.5  0.56632
    1192.0  0.56644
    1192.5  0.56656
    1193.0  0.56669
    1193.5  0.56681
    1194.0  0.56695
    1194.5  0.56709
    1195.0  0.56724
    1195.5  0.56739
    1196.0  0.56755
    1196.5  0.56771
    1197.0  0.56789
    1197.5  0.56807
    1198.0  0.56826
    1198.5  0.56846
    1199.0  0.56868
    1199.5  0.56890
    1200.0  0.56913
    1200.5  0.56938
    1201.0  0.56965
    1201.5  0.56993
    1202.0  0.57023
    1202.5  0.57055
    1203.0  0.57089
    1203.5  0.57126
    1204.0  0.57165
    1204.5  0.57208
    1205.0  0.57254
    1205.5  0.57303
    1206.0  0.57357
    1206.5  0.57415
    1207.0  0.57479
    1207.5  0.57547
    1208.0  0.57622
    1208.5  0.57704
    1209.0  0.57793
    1209.5  0.57889
    1210.0  0.57995
    1210.5  0.58109
    1211.0  0.58234
    1211.5  0.58370
    1212.0  0.58517
    1212.5  0.58676
    1213.0  0.58849
    1213.5  0.59036
    1214.0  0.59237
    1214.5  0.59454
    1215.0  0.59687
    1215.5  0.59936
    1216.0  0.60203
    1216.5  0.60487
    1217.0  0.60790
    1217.5  0.61110
    1218.0  0.61449
    1218.5  0.61806
    1219.0  0.62180
    1219.5  0.62573
    1220.0  0.62982
    1220.5  0.63408
    1221.0  0.63848
    1221.5  0.64302
    1222.0  0.64769
    1222.5  0.65246
    1223.0  0.65730
    1223.5  0.66220
    1224.0  0.66712
    1224.5  0.67204
    1225.0  0.67690
    1225.5  0.68167
    1226.0  0.68630
    1226.5  0.69074
    1227.0  0.69494
    1227.5  0.69885
    1228.0  0.70240
    1228.5  0.70556
    1229.0  0.70827
    1229.5  0.71050
    1230.0  0.71221
    1230.5  0.71339
    1231.0  0.71403
    1231.5  0.71414
    1232.0  0.71373
    1232.5  0.71284
    1233.0  0.71151
    1233.5  0.70978
    1234.0  0.70770
    1234.5  0.70535
    1235.0  0.70276
    1235.5  0.69999
    1236.0  0.69710
    1236.5  0.69414
    1237.0  0.69114
    1237.5  0.68816
    1238.0  0.68521
    1238.5  0.68233
    1239.0  0.67955
    1239.5  0.67687
    1240.0  0.67431
    1240.5  0.67189
    1241.0  0.66960
    1241.5  0.66744
    1242.0  0.66542
    1242.5  0.66351
    1243.0  0.66172
    1243.5  0.66002
    1244.0  0.65839
    1244.5  0.65683
    1245.0  0.65530
    1245.5  0.65378
    1246.0  0.65226
    1246.5  0.65072
    1247.0  0.64913
    1247.5  0.64749
    1248.0  0.64577
    1248.5  0.64399
    1249.0  0.64213
    1249.5  0.64020
    1250.0  0.63820
    1250.5  0.63615
    1251.0  0.63404
    1251.5  0.63191
    1252.0  0.62976
    1252.5  0.62761
    1253.0  0.62547
    1253.5  0.62336
    1254.0  0.62129
    1254.5  0.61927
    1255.0  0.61731
    1255.5  0.61543
    1256.0  0.61363
    1256.5  0.61193
    1257.0  0.61031
    1257.5  0.60881
    1258.0  0.60741
    1258.5  0.60612
    1259.0  0.60495
    1259.5  0.60390
    1260.0  0.60296
    1260.5  0.60215
    1261.0  0.60145
    1261.5  0.60087
    1262.0  0.60041
    1262.5  0.60007
    1263.0  0.59984
    1263.5  0.59971
    1264.0  0.59969
    1264.5  0.59977
    1265.0  0.59995
    1265.5  0.60021
    1266.0  0.60056
    1266.5  0.60097
    1267.0  0.60146
    1267.5  0.60200
    1268.0  0.60259
    1268.5  0.60322
    1269.0  0.60387
    1269.5  0.60454
    1270.0  0.60522
    1270.5  0.60588
    1271.0  0.60653
    1271.5  0.60714
    1272.0  0.60770
    1272.5  0.60821
    1273.0  0.60864
    1273.5  0.60898
    1274.0  0.60923
    1274.5  0.60937
    1275.0  0.60940
    1275.5  0.60931
    1276.0  0.60910
    1276.5  0.60876
    1277.0  0.60831
    1277.5  0.60773
    1278.0  0.60704
    1278.5  0.60624
    1279.0  0.60534
    1279.5  0.60436
    1280.0  0.60329
    1280.5  0.60215
    1281.0  0.60096
    1281.5  0.59972
    1282.0  0.59844
    1282.5  0.59713
    1283.0  0.59580
    1283.5  0.59446
    1284.0  0.59312
    1284.5  0.59178
    1285.0  0.59044
    1285.5  0.58913
    1286.0  0.58783
    1286.5  0.58655
    1287.0  0.58531
    1287.5  0.58409
    1288.0  0.58291
    1288.5  0.58176
    1289.0  0.58065
    1289.5  0.57958
    1290.0  0.57856
    1290.5  0.57757
    1291.0  0.57662
    1291.5  0.57571
    1292.0  0.57485
    1292.5  0.57403
    1293.0  0.57325
    1293.5  0.57250
    1294.0  0.57180
    1294.5  0.57114
    1295.0  0.57051
    1295.5  0.56992
    1296.0  0.56936
    1296.5  0.56884
    1297.0  0.56835
    1297.5  0.56788
    1298.0  0.56745
    1298.5  0.56704
    1299.0  0.56666
    1299.5  0.56631
    1300.0  0.56597
    1300.5  0.56566
    1301.0  0.56537
    1301.5  0.56509
    1302.0  0.56484
    1302.5  0.56459
    1303.0  0.56437
    1303.5  0.56416
    1304.0  0.56396
    1304.5  0.56377
    1305.0  0.56359
    1305.5  0.56342
    1306.0  0.56326
    1306.5  0.56311
    1307.0  0.56297
    1307.5  0.56283
    1308.0  0.56271
    1308.5  0.56258
    1309.0  0.56247
    1309.5  0.56235
    1310.0  0.56225
    1310.5  0.56214
    1311.0  0.56204
    1311.5  0.56195
    1312.0  0.56186
    1312.5  0.56177
    1313.0  0.56168
    1313.5  0.56160
    1314.0  0.56152
    1314.5  0.56144
    1315.0  0.56136
    1315.5  0.56129
    1316.0  0.56122
    1316.5  0.56115
    1317.0  0.56108
    1317.5  0.56101
    1318.0  0.56095
    1318.5  0.56088
    1319.0  0.56082
    1319.5  0.56076
    1320.0  0.56070
    1320.5  0.56064
    1321.0  0.56059
    1321.5  0.56053
    1322.0  0.56048
    1322.5  0.56042
    1323.0  0.56037
    1323.5  0.56032
    1324.0  0.56027
    1324.5  0.56022
    1325.0  0.56017
    1325.5  0.56013
    1326.0  0.56008
    1326.5  0.56003
    1327.0  0.55999
    1327.5  0.55994
    1328.0  0.55990
    1328.5  0.55986
    1329.0  0.55982
    1329.5  0.55978
    1330.0  0.55973
    1330.5  0.55969
    1331.0  0.55966
    1331.5  0.55962
    1332.0  0.55958
    1332.5  0.55954
    1333.0  0.55950
    1333.5  0.55947
    1334.0  0.55943
    1334.5  0.55940
    1335.0  0.55936
    1335.5  0.55933
    1336.0  0.55929
    1336.5  0.55926
    1337.0  0.55923
    1337.5  0.55919
    1338.0  0.55916
    1338.5  0.55913
    1339.0  0.55910
    1339.5  0.55907
    1340.0  0.55904
    1340.5  0.55901
    1341.0  0.55898
    1341.5  0.55895
    1342.0  0.55892
    1342.5  0.55889
    1343.0  0.55886
    1343.5  0.55883
    1344.0  0.55880
    1344.5  0.55877
    1345.0  0.55875
    1345.5  0.55872
    1346.0  0.55869
    1346.5  0.55867
    1347.0  0.55864
    1347.5  0.55861
    1348.0  0.55859
    1348.5  0.55856
    1349.0  0.55854
    1349.5  0.55851
    1350.0  0.55849
