# nu(cm-1)        I    I_pol
    1100.0  0.07153  0.06621
    1100.5  0.07157  0.06621
    1101.0  0.07161  0.06621
    1101.5  0.07165  0.06621
    1102.0  0.07169  0.06621
    1102.5  0.07173  0.06621
    1103.0  0.07177  0.06621
    1103.5  0.07181  0.06621
    1104.0  0.07185  0.06621
    1104.5  0.07189  0.06621
    1105.0  0.07193  0.06621
    1105.5  0.07198  0.06621
    1106.0  0.07202  0.06621
    1106.5  0.07206  0.06621
    1107.0  0.07211  0.06621
    1107.5  0.07215  0.06621
    1108.0  0.07220  0.06621
    1108.5  0.07224  0.06621
    1109.0  0.07229  0.06621
    1109.5  0.07233  0.06621
    1110.0  0.07238  0.06621
    1110.5  0.07243  0.06621
    1111.0  0.07248  0.06621
    1111.5  0.07253  0.06621
    1112.0  0.07258  0.06621
    1112.5  0.07262  0.06621
    1113.0  0.07268  0.06621
    1113.5  0.07273  0.06621
    1114.0  0.07278  0.06621
    1114.5  0.07283  0.06621
    1115.0  0.07288  0.06621
    1115.5  0.07294  0.06621
    1116.0  0.07299  0.06621
    1116.5  0.07305  0.06621
    1117.0  0.07310  0.06621
    1117.5  0.07316  0.06621
    1118.0  0.07321  0.06621
    1118.5  0.07327  0.06621
    1119.0  0.07333  0.06621
    1119.5  0.07339  0.06621
    1120.0  0.07345  0.06621
    1120.5  0.07351  0.06621
    1121.0  0.07357  0.06621
    1121.5  0.07363  0.06621
    1122.0  0.07369  0.06621
    1122.5  0.07376  0.06621
    1123.0  0.07382  0.06621
    1123.5  0.07389  0.06621
    1124.0  0.07395  0.06621
    1124.5  0.07402  0.06621
    1125.0  0.07409  0.06621
    1125.5  0.07415  0.06621
    1126.0  0.07422  0.06621
    1126.5  0.07429  0.06621
    1127.0  0.07437  0.06621
    1127.5  0.07444  0.06621
    1128.0  0.07451  0.06621
    1128.5  0.07459  0.06621
    1129.0  0.07466  0.06621
    1129.5  0.07474  0.06621
    1130.0  0.07481  0.06621
    1130.5  0.07489  0.06621
    1131.0  0.07497  0.06621
    1131.5  0.07505  0.06621
    1132.0  0.07513  0.06621
    1132.5  0.07522  0.06621
    1133.0  0.07530  0.06621
    1133.5  0.07538  0.06621
    1134.0  0.07547  0.06621
    1134.5  0.07556  0.06621
    1135.0  0.07565  0.06621
    1135.5  0.07574  0.06621
    1136.0  0.07583  0.06621
    1136.5  0.07592  0.06621
    1137.0  0.07601  0.06621
    1137.5  0.07611  0.06621
    1138.0  0.07620  0.06621
    1138.5  0.07630  0.06621
    1139.0  0.07640  0.06621
    1139.5  0.07650  0.06621
    1140.0  0.07660  0.06621
    1140.5  0.07671  0.06621
    1141.0  0.07681  0.06621
    1141.5  0.07692  0.06621
    1142.0  0.07703  0.06621
    1142.5  0.07714  0.06621
    1143.0  0.07725  0.06621
    1143.5  0.07736  0.06621
    1144.0  0.07748  0.06621
    1144.5  0.07760  0.06621
    1145.0  0.07771  0.06621
    1145.5  0.07784  0.06621
    1146.0  0.07796  0.06621
    1146.5  0.07808  0.06621
    1147.0  0.07821  0.06621
    1147.5  0.07834  0.06621
    1148.0  0.07847  0.06621
    1148.5  0.07860  0.06621
    1149.0  0.07874  0.06621
    1149.5  0.07887  0.06621
    1150.0  0.07901  0.06621
    1150.5  0.07915  0.06621
    1151.0  0.07930  0.06621
    1151.5  0.07944  0.06621
    1152.0  0.07959  0.06621
    1152.5  0.07974  0.06621
    1153.0  0.07990  0.06621
    1153.5  0.08006  0.06621
    1154.0  0.08021  0.06621
    1154.5  0.08038  0.06621
    1155.0  0.08054  0.06621
    1155.5  0.08071  0.06621
    1156.0  0.08088  0.06621
    1156.5  0.08105  0.06621
    1157.0  0.08123  0.06621
    1157.5  0.08141  0.06621
    1158.0  0.08159  0.06621
    1158.5  0.08178  0.06621
    1159.0  0.08197  0.06621
    1159.5  0.08216  0.06621
    1160.0  0.08236  0.06621
    1160.5  0.08256  0.06621
    1161.0  0.08276  0.06621
    1161.5  0.08297  0.06621
    1162.0  0.08318  0.06621
    1162.5  0.08340  0.06621
    1163.0  0.08362  0.06621
    1163.5  0.08384  0.06621
    1164.0  0.08407  0.06621
    1164.5  0.08431  0.06621
    1165.0  0.08454  0.06621
    1165.5  0.08479  0.06621
    1166.0  0.08503  0.06621
    1166.5  0.08529  0.06621
    1167.0  0.08555  0.06621
    1167.5  0.08581  0.06621
    1168.0  0.08608  0.06621
    1168.5  0.08635  0.06621
    1169.0  0.08663  0.06621
    1169.5  0.08692  0.06621
    1170.0  0.08721  0.06621
    1170.5  0.08751  0.06621
    1171.0  0.08781  0.06621
    1171.5  0.08812  0.06621
    1172.0  0.08844  0.06621
    1172.5  0.08877  0.06621
    1173.0  0.08910  0.06621
    1173.5  0.08944  0.06621
    1174.0  0.08979  0.06621
    1174.5  0.09015  0.06621
    1175.0  0.09051  0.06621
    1175.5  0.09089  0.06621
    1176.0  0.09127  0.06621
    1176.5  0.09167  0.06621
    1177.0  0.09207  0.06621
    1177.5  0.09248  0.06621
    1178.0  0.09291  0.06621
    1178.5  0.09334  0.06621
    1179.0  0.09379  0.06621
    1179.5  0.09425  0.06621
    1180.0  0.09472  0.06621
    1180.5  0.09521  0.06621
    1181.0  0.09571  0.06621
    1181.5  0.09622  0.06621
    1182.0  0.09675  0.06621
    1182.5  0.09730  0.06621
    1183.0  0.09786  0.06621
    1183.5  0.09844  0.06621
    1184.0  0.09904  0.06621
    1184.5  0.09966  0.06621
    1185.0  0.10029  0.06621
    1185.5  0.10095  0.06621
    1186.0  0.10163  0.06621
    1186.5  0.10234  0.06621
    1187.0  0.10307  0.06621
    1187.5  0.10382  0.06621
    1188.0  0.10461  0.06621
    1188.5  0.10542  0.06621
    1189.0  0.10626  0.06621
    1189.5  0.10714  0.06621
    1190.0  0.10804  0.06621
    1190.5  0.10899  0.06621
    1191.0  0.10997  0.06621
    1191.5  0.11099  0.06621
    1192.0  0.11205  0.06621
    1192.5  0.11316  0.06621
    1193.0  0.11432  0.06621
    1193.5  0.11552  0.06621
    1194.0  0.11677  0.06621
    1194.5  0.11808  0.06621
    1195.0  0.11945  0.06621
    1195.5  0.12088  0.06621
    1196.0  0.12237  0.06621
    1196.5  0.12393  0.06621
    1197.0  0.12556  0.06621
    1197.5  0.12726  0.06621
    1198.0  0.12905  0.06621
    1198.5  0.13091  0.06621
    1199.0  0.13287  0.06621
    1199.5  0.13492  0.06621
    1200.0  0.13707  0.06621
    1200.5  0.13932  0.06621
    1201.0  0.14168  0.06621
    1201.5  0.14416  0.06621
    1202.0  0.14677  0.06621
    1202.5  0.14950  0.06621
    1203.0  0.15238  0.06621
    1203.5  0.15540  0.06621
    1204.0  0.15859  0.06621
    1204.5  0.16194  0.06621
    1205.0  0.16548  0.06621
    1205.5  0.16921  0.06621
    1206.0  0.17316  0.06621
    1206.5  0.17733  0.06621
    1207.0  0.18175  0.06621
    1207.5  0.18644  0.06621
    1208.0  0.19141  0.06621
    1208.5  0.19670  0.06621
    1209.0  0.20232  0.06621
    1209.5  0.20832  0.06621
    1210.0  0.21472  0.06621
    1210.5  0.22155  0.06621
    1211.0  0.22886  0.06621
    1211.5  0.23668  0.06621
    1212.0  0.24506  0.06621
    1212.5  0.25403  0.06621
    1213.0  0.26365  0.06621
    1213.5  0.27396  0.06621
    1214.0  0.28501  0.06621
    1214.5  0.29685  0.06621
    1215.0  0.30953  0.06621
    1215.5  0.32309  0.06621
    1216.0  0.33758  0.06621
    1216.5  0.35303  0.06621
    1217.0  0.36950  0.06621
    1217.5  0.38700  0.06621
    1218.0  0.40556  0.06621
    1218.5  0.42519  0.06621
    1219.0  0.44592  0.06621
    1219.5  0.46772  0.06621
    1220.0  0.49058  0.06621
    1220.5  0.51448  0.06621
    1221.0  0.53937  0.06621
    1221.5  0.56518  0.06621
    1222.0  0.59184  0.06621
    1222.5  0.61924  0.06621
    1223.0  0.64726  0.06621
    1223.5  0.67574  0.06621
    1224.0  0.70451  0.06621
    1224.5  0.73336  0.06621
    1225.0  0.76206  0.06621
    1225.5  0.79032  0.06621
    1226.0  0.81784  0.06621
    1226.5  0.84431  0.06621
    1227.0  0.86935  0.06621
    1227.5  0.89261  0.06621
    1228.0  0.91374  0.06621
    1228.5  0.93239  0.06621
    1229.0  0.94826  0.06621
    1229.5  0.96112  0.06621
    1230.0  0.97081  0.06621
    1230.5  0.97725  0.06621
    1231.0  0.98048  0.06621
    1231.5  0.98060  0.06621
    1232.0  0.97781  0.06621
    1232.5  0.97234  0.06621
    1233.0  0.96451  0.06621
    1233.5  0.95461  0.06621
    1234.0  0.94298  0.06621
    1234.5  0.92991  0.06621
    1235.0  0.91571  0.06621
    1235.5  0.90064  0.06621
    1236.0  0.88493  0.06621
    1236.5  0.86878  0.06621
    1237.0  0.85237  0.06621
    1237.5  0.83585  0.06621
    1238.0  0.81934  0.06621
    1238.5  0.80293  0.06621
    1239.0  0.78672  0.06621
    1239.5  0.77075  0.06621
    1240.0  0.75508  0.06621
    1240.5  0.73974  0.06621
    1241.0  0.72475  0.06621
    1241.5  0.71012  0.06621
    1242.0  0.69587  0.06621
    1242.5  0.68198  0.06621
    1243.0  0.66844  0.06621
    1243.5  0.65526  0.06621
    1244.0  0.64240  0.06621
    1244.5  0.62984  0.06621
    1245.0  0.61758  0.06621
    1245.5  0.60558  0.06621
    1246.0  0.59382  0.06621
    1246.5  0.58229  0.06621
    1247.0  0.57096  0.06621
    1247.5  0.55981  0.06621
    1248.0  0.54883  0.06621
    1248.5  0.53800  0.06621
    1249.0  0.52730  0.06621
    1249.5  0.51673  0.06621
    1250.0  0.50627  0.06621
    1250.5  0.49592  0.06621
    1251.0  0.48567  0.06621
    1251.5  0.47552  0.06621
    1252.0  0.46546  0.06621
    1252.5  0.45549  0.06621
    1253.0  0.44562  0.06621
    1253.5  0.43585  0.06621
    1254.0  0.42617  0.06621
    1254.5  0.41660  0.06621
    1255.0  0.40713  0.06621
    1255.5  0.39778  0.06621
    1256.0  0.38854  0.06621
    1256.5  0.37942  0.06621
    1257.0  0.37043  0.06621
    1257.5  0.36158  0.06621
    1258.0  0.35286  0.06621
    1258.5  0.34428  0.06621
    1259.0  0.33585  0.06621
    1259.5  0.32758  0.06621
    1260.0  0.31946  0.06621
    1260.5  0.31151  0.06621
    1261.0  0.30371  0.06621
    1261.5  0.29609  0.06621
    1262.0  0.28864  0.06621
    1262.5  0.28136  0.06621
    1263.0  0.27426  0.06621
    1263.5  0.26734  0.06621
    1264.0  0.26059  0.06621
    1264.5  0.25403  0.06621
    1265.0  0.24764  0.06621
    1265.5  0.24144  0.06621
    1266.0  0.23541  0.06621
    1266.5  0.22957  0.06621
    1267.0  0.22390  0.06621
    1267.5  0.21841  0.06621
    1268.0  0.21310  0.06621
    1268.5  0.20796  0.06621
    1269.0  0.20299  0.06621
    1269.5  0.19819  0.06621
    1270.0  0.19356  0.06621
    1270.5  0.18909  0.06621
    1271.0  0.18478  0.06621
    1271.5  0.18063  0.06621
    1272.0  0.17664  0.06621
    1272.5  0.17279  0.06621
    1273.0  0.16910  0.06621
    1273.5  0.16554  0.06621
    1274.0  0.16213  0.06621
    1274.5  0.15885  0.06621
    1275.0  0.15571  0.06621
    1275.5  0.15269  0.06621
    1276.0  0.14980  0.06621
    1276.5  0.14703  0.06621
    1277.0  0.14437  0.06621
    1277.5  0.14183  0.06621
    1278.0  0.13939  0.06621
    1278.5  0.13706  0.06621
    1279.0  0.13483  0.06621
    1279.5  0.13270  0.06621
    1280.0  0.13066  0.06621
    1280.5  0.12871  0.06621
    1281.0  0.12684  0.06621
    1281.5  0.12505  0.06621
    1282.0  0.12335  0.06621
    1282.5  0.12171  0.06621
    1283.0  0.12015  0.06621
    1283.5  0.11866  0.06621
    1284.0  0.11723  0.06621
    1284.5  0.11587  0.06621
    1285.0  0.11456  0.06621
    1285.5  0.11331  0.06621
    1286.0  0.11212  0.06621
    1286.5  0.11097  0.06621
    1287.0  0.10988  0.06621
    1287.5  0.10883  0.06621
    1288.0  0.10782  0.06621
    1288.5  0.10685  0.06621
    1289.0  0.10593  0.06621
    1289.5  0.10504  0.06621
    1290.0  0.10419  0.06621
    1290.5  0.10337  0.06621
    1291.0  0.10258  0.06621
    1291.5  0.10182  0.06621
    1292.0  0.10109  0.06621
    1292.5  0.10039  0.06621
    1293.0  0.09971  0.06621
    1293.5  0.09906  0.06621
    1294.0  0.09843  0.06621
    1294.5  0.09783  0.06621
    1295.0  0.09724  0.06621
    1295.5  0.09667  0.06621
    1296.0  0.09612  0.06621
    1296.5  0.09559  0.06621
    1297.0  0.09508  0.06621
    1297.5  0.09458  0.06621
    1298.0  0.09410  0.06621
    1298.5  0.09363  0.06621
    1299.0  0.09318  0.06621
    1299.5  0.09274  0.06621
    1300.0  0.09231  0.06621
    1300.5  0.09189  0.06621
    1301.0  0.09149  0.06621
    1301.5  0.09110  0.06621
    1302.0  0.09071  0.06621
    1302.5  0.09034  0.06621
    1303.0  0.08997  0.06621
    1303.5  0.08962  0.06621
    1304.0  0.08927  0.06621
    1304.5  0.08893  0.06621
    1305.0  0.08860  0.06621
    1305.5  0.08828  0.06621
    1306.0  0.08797  0.06621
    1306.5  0.08766  0.06621
    1307.0  0.08736  0.06621
    1307.5  0.08706  0.06621
    1308.0  0.08677  0.06621
    1308.5  0.08649  0.06621
    1309.0  0.08622  0.06621
    1309.5  0.08595  0.06621
    1310.0  0.08568  0.06621
    1310.5  0.08542  0.06621
    1311.0  0.08517  0.06621
    1311.5  0.08492  0.06621
    1312.0  0.08468  0.06621
    1312.5  0.08444  0.06621
    1313.0  0.08421  0.06621
    1313.5  0.08398  0.06621
    1314.0  0.08375  0.06621
    1314.5  0.08353  0.06621
    1315.0  0.08331  0.06621
    1315.5  0.08310  0.06621
    1316.0  0.08289  0.06621
    1316.5  0.08269  0.06621
    1317.0  0.08249  0.06621
    1317.5  0.08229  0.06621
    1318.0  0.08209  0.06621
    1318.5  0.08190  0.06621
    1319.0  0.08172  0.06621
    1319.5  0.08153  0.06621
    1320.0  0.08135  0.06621
    1320.5  0.08117  0.06621
    1321.0  0.08100  0.06621
    1321.5  0.08083  0.06621
    1322.0  0.08066  0.06621
    1322.5  0.08049  0.06621
    1323.0  0.08033  0.06621
    1323.5  0.08017  0.06621
    1324.0  0.08001  0.06621
    1324.5  0.07986  0.06621
    1325.0  0.07971  0.06621
    1325.5  0.07956  0.06621
    1326.0  0.07941  0.06621
    1326.5  0.07927  0.06621
    1327.0  0.07912  0.06621
    1327.5  0.07898  0.06621
    1328.0  0.07885  0.06621
    1328.5  0.07871  0.06621
    1329.0  0.07858  0.06621
    1329.5  0.07844  0.06621
    1330.0  0.07831  0.06621
    1330.5  0.07819  0.06621
    1331.0  0.07806  0.06621
    1331.5  0.07794  0.06621
    1332.0  0.07782  0.06621
    1332.5  0.07770  0.06621
    1333.0  0.07758  0.06621
    1333.5  0.07746  0.06621
    1334.0  0.07735  0.06621
    1334.5  0.07724  0.06621
    1335.0  0.07712  0.06621
    1335.5  0.07702  0.06621
    1336.0  0.07691  0.06621
    1336.5  0.07680  0.06621
    1337.0  0.07670  0.06621
    1337.5  0.07659  0.06621
    1338.0  0.07649  0.06621
    1338.5  0.07639  0.06621
    1339.0  0.07629  0.06621
    1339.5  0.07620  0.06621
    1340.0  0.07610  0.06621
    1340.5  0.07601  0.06621
    1341.0  0.07591  0.06621
    1341.5  0.07582  0.06621
    1342.0  0.07573  0.06621
    1342.5  0.07564  0.06621
    1343.0  0.07555  0.06621
    1343.5  0.07547  0.06621
    1344.0  0.07538  0.06621
    1344.5  0.07530  0.06621
    1345.0  0.07521  0.06621
    1345.5  0.07513  0.06621
    1346.0  0.07505  0.06621
    1346.5  0.07497  0.06621
    1347.0  0.07489  0.06621
    1347.5  0.07481  0.06621
    1348.0  0.07474  0.06621
    1348.5  0.07466  0.06621
    1349.0  0.07459  0.06621
    1349.5  0.07451  0.06621
    1350.0  0.07444  0.06621
