# nu(cm-1)   I
      700  0.06013
      701  0.11219
      702  0.09753
      703  0.06326
      704  0.05467
      705  0.03639
      706  0.05622
      707  0.10411
      708  0.10188
      709  0.10415
      710  0.11558
      711  0.08965
      712  0.09312
      713  0.10903
      714  0.07999
      715  0.08838
      716  0.11461
      717  0.09655
      718  0.08042
      719  0.06339
      720  0.04244
      721  0.07819
      722  0.11818
      723  0.11073
      724  0.09978
      725  0.08423
      726  0.06449
      727  0.06823
      728  0.09629
      729  0.11909
      730  0.09754
      731  0.07098
      732  0.07390
      733  0.10317
      734  0.12151
      735  0.11120
      736  0.08582
      737  0.07914
      738  0.08204
      739  0.07173
      740  0.06243
      741  0.06042
      742  0.06316
      743  0.06632
      744  0.09388
      745  0.13018
      746  0.09952
      747  0.07975
      748  0.10807
      749  0.10329
      750  0.08197
      751  0.08361
      752  0.11429
      753  0.10217
      754  0.08519
      755  0.14847
      756  0.15281
      757  0.10734
      758  0.11065
      759  0.10783
      760  0.09581
      761  0.10222
      762  0.11598
      763  0.12108
      764  0.11626
      765  0.12238
      766  0.13759
      767  0.16414
      768  0.21244
      769  0.22657
      770  0.21069
      771  0.23660
      772  0.24326
      773  0.23334
      774  0.27835
      775  0.33858
      776  0.38577
      777  0.42448
      778  0.46681
      779  0.50877
      780  0.53593
      781  0.54175
      782  0.54046
      783  0.54480
      784  0.54473
      785  0.52887
      786  0.48662
      787  0.41633
      788  0.37447
      789  0.36163
      790  0.30659
      791  0.23658
      792  0.21275
      793  0.25690
      794  0.24533
      795  0.18473
      796  0.16756
      797  0.16233
      798  0.15809
      799  0.16191
      800  0.16425
      801  0.14462
      802  0.11118
      803  0.12153
      804  0.12766
      805  0.10027
      806  0.09641
      807  0.11224
      808  0.12895
      809  0.13950
      810  0.15179
      811  0.15832
      812  0.14596
      813  0.13857
      814  0.12207
      815  0.09242
      816  0.14087
      817  0.18593
      818  0.14160
      819  0.13537
      820  0.16398
      821  0.15777
      822  0.09209
      823  0.08765
      824  0.15995
      825  0.15576
      826  0.12323
      827  0.10847
      828  0.09874
      829  0.12219
      830  0.15643
      831  0.15000
      832  0.12073
      833  0.09192
      834  0.08397
      835  0.11678
      836  0.12750
      837  0.09040
      838  0.10696
      839  0.12038
      840  0.09946
      841  0.12772
      842  0.13809
      843  0.10354
      844  0.09077
      845  0.10752
      846  0.11205
      847  0.07303
      848  0.07946
      849  0.09243
      850  0.04759
      851  0.07182
      852  0.10377
      853  0.06447
      854  0.06576
      855  0.08793
      856  0.09316
      857  0.11074
      858  0.10113
      859  0.05940
      860  0.04589
      861  0.08243
      862  0.10448
      863  0.03586
      864  -0.00818
      865  0.00864
      866  0.03735
      867  0.04254
      868  0.02958
      869  0.03183
      870  0.07810
      871  0.10599
      872  0.07830
      873  0.05577
      874  0.05652
      875  0.05387
      876  0.01712
      877  0.02574
      878  0.06926
      879  0.06856
      880  0.08795
      881  0.10490
      882  0.07337
      883  0.09135
      884  0.10489
      885  0.05793
      886  0.06502
      887  0.08362
      888  0.05994
      889  0.03977
      890  0.05225
      891  0.07713
      892  0.06737
      893  0.06675
      894  0.08991
      895  0.10240
      896  0.07430
      897  0.04684
      898  0.06911
      899  0.09044
      900  0.08441
      901  0.05884
      902  0.04158
      903  0.05288
      904  0.07240
      905  0.05313
      906  0.06716
      907  0.09949
      908  0.05634
      909  0.05805
      910  0.09096
      911  0.05581
      912  0.05219
      913  0.06950
      914  0.05305
      915  0.05522
      916  0.06998
      917  0.06809
      918  0.04779
      919  0.03768
      920  0.04598
      921  0.04848
      922  0.04324
      923  0.05117
      924  0.08473
      925  0.07833
      926  0.04463
      927  0.03817
      928  0.03972
      929  0.03460
      930  0.02736
      931  0.03569
      932  0.05090
      933  0.05999
      934  0.06289
      935  0.07437
      936  0.08306
      937  0.06039
      938  0.04237
      939  0.04523
      940  0.05573
      941  0.06384
      942  0.05365
      943  0.02676
      944  0.02633
      945  0.04341
      946  0.05545
      947  0.06230
      948  0.05024
      949  0.03471
      950  0.05138
      951  0.04182
      952  0.02406
      953  0.06065
      954  0.06392
      955  0.04612
      956  0.05750
      957  0.03892
      958  0.05280
      959  0.12447
      960  0.11929
      961  0.08523
      962  0.07263
      963  0.04908
      964  0.05414
      965  0.08584
      966  0.09399
      967  0.07927
      968  0.06166
      969  0.05909
      970  0.06962
      971  0.06780
      972  0.05259
      973  0.07461
      974  0.09466
      975  0.07781
      976  0.05081
      977  0.04762
      978  0.06251
      979  0.06345
      980  0.06613
      981  0.07714
      982  0.08412
      983  0.06857
      984  0.05007
      985  0.04676
      986  0.03794
      987  0.03892
      988  0.06787
      989  0.11357
      990  0.11762
      991  0.07643
      992  0.05041
      993  0.06593
      994  0.08031
      995  0.06476
      996  0.12187
      997  0.16573
      998  0.11403
      999  0.09115
     1000  0.08543
     1001  0.06651
     1002  0.06485
     1003  0.07968
     1004  0.10191
     1005  0.11625
     1006  0.08024
     1007  0.03719
     1008  0.05037
     1009  0.06524
     1010  0.05867
     1011  0.04663
     1012  0.05591
     1013  0.04500
     1014  0.01841
     1015  0.04764
     1016  0.05699
     1017  0.03678
     1018  0.05203
     1019  0.05814
     1020  0.05773
     1021  0.07249
     1022  0.05994
     1023  0.05011
     1024  0.06880
     1025  0.06947
     1026  0.05947
     1027  0.05160
     1028  0.03940
     1029  0.03435
     1030  0.03207
     1031  0.02319
     1032  0.04007
     1033  0.05303
     1034  0.03534
     1035  0.05798
     1036  0.09457
     1037  0.09667
     1038  0.07136
     1039  0.05259
     1040  0.05821
     1041  0.07357
     1042  0.06939
     1043  0.05985
     1044  0.07389
     1045  0.07644
     1046  0.08279
     1047  0.10608
     1048  0.09224
     1049  0.07013
     1050  0.06401
     1051  0.04682
     1052  0.04825
     1053  0.05951
     1054  0.04042
     1055  0.04255
     1056  0.05768
     1057  0.05025
     1058  0.05869
     1059  0.07261
     1060  0.07449
     1061  0.08169
     1062  0.06217
     1063  0.03503
     1064  0.07198
     1065  0.09093
     1066  0.08680
     1067  0.11767
     1068  0.11079
     1069  0.05562
     1070  0.01693
     1071  0.06984
     1072  0.09868
     1073  0.04911
     1074  0.05982
     1075  0.10232
     1076  0.11232
     1077  0.07943
     1078  0.08409
     1079  0.09496
     1080  0.05332
     1081  0.06923
     1082  0.09508
     1083  0.06671
     1084  0.05807
     1085  0.05726
     1086  0.03967
     1087  0.02122
     1088  0.03983
     1089  0.07563
     1090  0.07779
     1091  0.06729
     1092  0.05611
     1093  0.04954
     1094  0.06285
     1095  0.06374
     1096  0.04458
     1097  0.05351
     1098  0.07459
     1099  0.07312
     1100  0.04028
     1101  0.03901
     1102  0.04311
     1103  0.01597
     1104  0.05761
     1105  0.08539
     1106  0.04239
     1107  0.05665
     1108  0.07517
     1109  0.06990
     1110  0.09486
     1111  0.08612
     1112  0.05691
     1113  0.06745
     1114  0.07164
     1115  0.07506
     1116  0.09153
     1117  0.08368
     1118  0.06750
     1119  0.07228
     1120  0.10161
     1121  0.10772
     1122  0.08790
     1123  0.08856
     1124  0.13170
     1125  0.14707
     1126  0.09162
     1127  0.07222
     1128  0.07140
     1129  0.05462
     1130  0.05405
     1131  0.09910
     1132  0.13591
     1133  0.08978
     1134  0.07097
     1135  0.07135
     1136  0.03512
     1137  0.03752
     1138  0.07733
     1139  0.10433
     1140  0.08209
     1141  0.06545
     1142  0.08149
     1143  0.09749
     1144  0.09039
     1145  0.09477
     1146  0.13430
     1147  0.12257
     1148  0.07541
     1149  0.05208
     1150  0.07008
     1151  0.07246
     1152  0.04900
     1153  0.05536
     1154  0.08497
     1155  0.09915
     1156  0.07220
     1157  0.04318
     1158  0.04200
     1159  0.06452
     1160  0.07333
     1161  0.05802
     1162  0.05098
     1163  0.09170
     1164  0.10395
     1165  0.08169
     1166  0.07639
     1167  0.07508
     1168  0.06324
     1169  0.05152
     1170  0.07010
     1171  0.07156
     1172  0.05624
     1173  0.08609
     1174  0.09720
     1175  0.06840
     1176  0.04995
     1177  0.09798
     1178  0.12873
     1179  0.08609
     1180  0.08555
     1181  0.11127
     1182  0.11001
     1183  0.07498
     1184  0.08034
     1185  0.10543
     1186  0.08704
     1187  0.09432
     1188  0.09349
     1189  0.07167
     1190  0.14107
     1191  0.17621
     1192  0.12399
     1193  0.10625
     1194  0.12172
     1195  0.13028
     1196  0.11512
     1197  0.12392
     1198  0.13217
     1199  0.11437
     1200  0.11725
     1201  0.13704
     1202  0.16428
     1203  0.19670
     1204  0.18980
     1205  0.15338
     1206  0.14330
     1207  0.18522
     1208  0.21123
     1209  0.18460
     1210  0.18804
     1211  0.21553
     1212  0.24120
     1213  0.25847
     1214  0.26240
     1215  0.26977
     1216  0.30079
     1217  0.34381
     1218  0.35530
     1219  0.35056
     1220  0.43124
     1221  0.51323
     1222  0.56986
     1223  0.66574
     1224  0.71363
     1225  0.74177
     1226  0.82607
     1227  0.89948
     1228  0.91445
     1229  0.90327
     1230  0.95632
     1231  1.00000
     1232  0.98911
     1233  0.96340
     1234  0.95624
     1235  0.94273
     1236  0.89420
     1237  0.84945
     1238  0.80338
     1239  0.74995
     1240  0.71242
     1241  0.69489
     1242  0.69959
     1243  0.71419
     1244  0.67933
     1245  0.62524
     1246  0.60174
     1247  0.58102
     1248  0.57216
     1249  0.55641
     1250  0.49051
     1251  0.47805
     1252  0.50367
     1253  0.46426
     1254  0.39324
     1255  0.36394
     1256  0.39091
     1257  0.38400
     1258  0.33746
     1259  0.29476
     1260  0.29111
     1261  0.27741
     1262  0.24321
     1263  0.22494
     1264  0.25115
     1265  0.26681
     1266  0.23783
     1267  0.21855
     1268  0.21389
     1269  0.20240
     1270  0.17508
     1271  0.18550
     1272  0.21245
     1273  0.21575
     1274  0.23153
     1275  0.22568
     1276  0.17901
     1277  0.13685
     1278  0.12177
     1279  0.11774
     1280  0.10535
     1281  0.12669
     1282  0.15157
     1283  0.14979
     1284  0.16707
     1285  0.17148
     1286  0.14640
     1287  0.12909
     1288  0.13527
     1289  0.12904
     1290  0.09014
     1291  0.10235
     1292  0.13050
     1293  0.12746
     1294  0.12479
     1295  0.11530
     1296  0.09728
     1297  0.08663
     1298  0.08949
     1299  0.10089
     1300  0.10568
     1301  0.08928
     1302  0.08333
     1303  0.08734
     1304  0.06379
     1305  0.08529
     1306  0.11832
     1307  0.08114
     1308  0.05503
     1309  0.04505
     1310  0.04004
     1311  0.07761
     1312  0.10791
     1313  0.08020
     1314  0.01249
     1315  0.03436
     1316  0.08927
     1317  0.07157
     1318  0.06980
     1319  0.06720
     1320  0.05504
     1321  0.08846
     1322  0.10031
     1323  0.07871
     1324  0.07457
     1325  0.08797
     1326  0.10030
     1327  0.09595
     1328  0.07847
     1329  0.07717
     1330  0.08639
     1331  0.07177
     1332  0.06208
     1333  0.06765
     1334  0.07930
     1335  0.09221
     1336  0.07317
     1337  0.04909
     1338  0.09949
     1339  0.10750
     1340  0.06772
     1341  0.07127
     1342  0.07793
     1343  0.07425
     1344  0.06432
     1345  0.04622
     1346  0.06155
     1347  0.10248
     1348  0.11281
     1349  0.09691
     1350  0.08344
     1351  0.09063
     1352  0.09839
     1353  0.08461
     1354  0.06433
     1355  0.08047
     1356  0.09306
     1357  0.08869
     1358  0.08603
     1359  0.08156
     1360  0.09150
     1361  0.11300
     1362  0.10643
     1363  0.09191
     1364  0.09430
     1365  0.11560
     1366  0.13187
     1367  0.12734
     1368  0.11720
     1369  0.14324
     1370  0.16470
     1371  0.16008
     1372  0.15890
     1373  0.14500
     1374  0.12996
     1375  0.14623
     1376  0.19529
     1377  0.19917
     1378  0.15977
     1379  0.19266
     1380  0.18917
     1381  0.15848
     1382  0.20014
     1383  0.21787
     1384  0.21764
     1385  0.24378
     1386  0.27630
     1387  0.30647
     1388  0.33053
     1389  0.34401
     1390  0.34410
     1391  0.33989
     1392  0.34561
     1393  0.36403
     1394  0.36488
     1395  0.35905
     1396  0.39344
     1397  0.39785
     1398  0.37953
     1399  0.38330
     1400  0.36191
     1401  0.35964
     1402  0.38532
     1403  0.35516
     1404  0.31412
     1405  0.28512
     1406  0.26403
     1407  0.30794
     1408  0.33252
     1409  0.27869
     1410  0.25032
     1411  0.26178
     1412  0.27540
     1413  0.25961
     1414  0.25273
     1415  0.24833
     1416  0.22808
     1417  0.21446
     1418  0.19212
     1419  0.16855
     1420  0.18099
     1421  0.21040
     1422  0.21661
     1423  0.19417
     1424  0.20615
     1425  0.20028
     1426  0.16606
     1427  0.18384
     1428  0.19775
     1429  0.18110
     1430  0.15596
     1431  0.13566
     1432  0.15825
     1433  0.19372
     1434  0.14629
     1435  0.15169
     1436  0.19583
     1437  0.15685
     1438  0.14328
     1439  0.16578
     1440  0.17585
     1441  0.16175
     1442  0.15488
     1443  0.15885
     1444  0.15019
     1445  0.14413
     1446  0.15047
     1447  0.15684
     1448  0.13644
     1449  0.12764
     1450  0.13937
     1451  0.13675
     1452  0.13448
     1453  0.14184
     1454  0.15430
     1455  0.16250
     1456  0.16314
     1457  0.15570
     1458  0.14389
     1459  0.15023
     1460  0.16686
     1461  0.17749
     1462  0.19922
     1463  0.20977
     1464  0.19198
     1465  0.16793
     1466  0.18104
     1467  0.20622
     1468  0.20560
     1469  0.23344
     1470  0.25831
     1471  0.24979
     1472  0.24151
     1473  0.24500
     1474  0.25353
     1475  0.25627
     1476  0.25244
     1477  0.25502
     1478  0.26314
     1479  0.25735
     1480  0.25568
     1481  0.24680
     1482  0.20943
     1483  0.18471
     1484  0.17779
     1485  0.18185
     1486  0.19864
     1487  0.17285
     1488  0.12448
     1489  0.13015
     1490  0.16824
     1491  0.16554
     1492  0.11251
     1493  0.11019
     1494  0.14038
     1495  0.14768
     1496  0.11410
     1497  0.10738
     1498  0.09694
     1499  0.06417
     1500  0.10071
     1501  0.14576
     1502  0.13236
     1503  0.07584
     1504  0.06994
     1505  0.10100
     1506  0.10919
     1507  0.09443
     1508  0.08542
     1509  0.08654
     1510  0.08265
     1511  0.09876
     1512  0.09245
     1513  0.04530
     1514  0.05062
     1515  0.06370
     1516  0.06107
     1517  0.07851
     1518  0.06964
     1519  0.07504
     1520  0.11786
     1521  0.09128
     1522  0.07601
     1523  0.08725
     1524  0.04100
     1525  0.03712
     1526  0.07438
     1527  0.08664
     1528  0.06917
     1529  0.06696
     1530  0.08221
     1531  0.07088
     1532  0.05805
     1533  0.06308
     1534  0.08938
     1535  0.12654
     1536  0.10384
     1537  0.06776
     1538  0.12534
     1539  0.08594
     1540  0.02371
     1541  0.08614
     1542  0.15012
     1543  0.12585
     1544  0.06034
     1545  0.07062
     1546  0.09080
     1547  0.09595
     1548  0.09772
     1549  0.08340
     1550  0.08942
     1551  0.11300
     1552  0.10734
     1553  0.09588
     1554  0.08371
     1555  0.06380
     1556  0.05204
     1557  0.09808
     1558  0.14141
     1559  0.08371
     1560  0.10376
     1561  0.15956
     1562  0.14472
     1563  0.13532
     1564  0.12310
     1565  0.10313
     1566  0.10205
     1567  0.11385
     1568  0.11716
     1569  0.10504
     1570  0.09903
     1571  0.09174
     1572  0.08028
     1573  0.08223
     1574  0.12349
     1575  0.14068
     1576  0.10274
     1577  0.09576
     1578  0.07783
     1579  0.07233
     1580  0.13116
     1581  0.10741
     1582  0.06324
     1583  0.08296
     1584  0.08970
     1585  0.10348
     1586  0.11154
     1587  0.09028
     1588  0.13088
     1589  0.14726
     1590  0.08723
     1591  0.07787
     1592  0.10370
     1593  0.13303
     1594  0.15718
     1595  0.15810
     1596  0.12943
     1597  0.10065
     1598  0.11764
     1599  0.11984
     1600  0.13018
     1601  0.18945
     1602  0.18223
     1603  0.14942
     1604  0.16363
     1605  0.21035
     1606  0.21012
     1607  0.17397
     1608  0.17476
     1609  0.22950
     1610  0.26501
     1611  0.24775
     1612  0.23937
     1613  0.29550
     1614  0.35097
     1615  0.33993
     1616  0.34768
     1617  0.37874
     1618  0.42447
     1619  0.48109
     1620  0.48297
     1621  0.50796
     1622  0.60425
     1623  0.62637
     1624  0.64559
     1625  0.69274
     1626  0.70006
     1627  0.69219
     1628  0.70467
     1629  0.71404
     1630  0.64617
     1631  0.62547
     1632  0.65168
     1633  0.61043
     1634  0.55948
     1635  0.50872
     1636  0.45197
     1637  0.41536
     1638  0.40097
     1639  0.38664
     1640  0.36253
     1641  0.37482
     1642  0.37396
     1643  0.33788
     1644  0.32451
     1645  0.31187
     1646  0.28777
     1647  0.27275
     1648  0.29853
     1649  0.32238
     1650  0.30864
     1651  0.28021
     1652  0.29462
     1653  0.30004
     1654  0.26407
     1655  0.30235
     1656  0.34282
     1657  0.33348
     1658  0.31069
     1659  0.28997
     1660  0.29790
     1661  0.33611
     1662  0.36084
     1663  0.35503
     1664  0.33400
     1665  0.32588
     1666  0.33680
     1667  0.34441
     1668  0.35560
     1669  0.40970
     1670  0.42864
     1671  0.41297
     1672  0.41499
     1673  0.41045
     1674  0.41889
     1675  0.44096
     1676  0.44356
     1677  0.45660
     1678  0.46572
     1679  0.46089
     1680  0.49628
     1681  0.50371
     1682  0.49189
     1683  0.53500
     1684  0.51857
     1685  0.48539
     1686  0.50533
     1687  0.52073
     1688  0.54538
     1689  0.54672
     1690  0.49147
     1691  0.49081
     1692  0.48975
     1693  0.45569
     1694  0.48212
     1695  0.51469
     1696  0.50941
     1697  0.47131
     1698  0.42717
     1699  0.42051
     1700  0.43101
     1701  0.39937
     1702  0.39989
     1703  0.40076
     1704  0.35564
     1705  0.33423
     1706  0.33119
     1707  0.32440
     1708  0.31105
     1709  0.30331
     1710  0.30977
     1711  0.31228
     1712  0.27731
     1713  0.25815
     1714  0.26024
     1715  0.25490
     1716  0.25983
     1717  0.23476
     1718  0.19898
     1719  0.22835
     1720  0.22798
     1721  0.19345
     1722  0.18387
     1723  0.20258
     1724  0.18438
     1725  0.15331
     1726  0.17542
     1727  0.13502
     1728  0.10631
     1729  0.15233
     1730  0.15874
     1731  0.13268
     1732  0.12062
     1733  0.13754
     1734  0.13957
     1735  0.14311
     1736  0.14223
     1737  0.09926
     1738  0.08918
     1739  0.10047
     1740  0.08840
     1741  0.08530
     1742  0.11131
     1743  0.11853
     1744  0.06366
     1745  0.06195
     1746  0.06144
     1747  0.02714
     1748  0.06172
     1749  0.08984
     1750  0.08518
     1751  0.08774
     1752  0.09856
     1753  0.10566
     1754  0.10045
     1755  0.08660
     1756  0.08099
     1757  0.07246
     1758  0.06538
     1759  0.10035
     1760  0.11452
     1761  0.08719
     1762  0.06309
     1763  0.06601
     1764  0.07985
     1765  0.08915
     1766  0.09412
     1767  0.06368
     1768  0.06027
     1769  0.11957
     1770  0.10734
     1771  0.08293
     1772  0.08540
     1773  0.06619
     1774  0.04312
     1775  0.05245
     1776  0.07813
     1777  0.05491
     1778  0.06852
     1779  0.11036
     1780  0.10311
     1781  0.07911
     1782  0.09242
     1783  0.11273
     1784  0.06894
     1785  0.08063
     1786  0.11580
     1787  0.09851
     1788  0.08240
     1789  0.09543
     1790  0.10458
     1791  0.07281
     1792  0.05932
     1793  0.06646
     1794  0.06369
     1795  0.04523
     1796  0.07596
     1797  0.10129
     1798  0.07171
     1799  0.09329
     1800  0.08451
