   5.0100000e+02   2.3329420e-01
   5.0200000e+02   2.5462789e-01
   5.0300000e+02   2.5490567e-01
   5.0400000e+02   2.5519671e-01
   5.0500000e+02   2.5816550e-01
   5.0600000e+02   2.5909440e-01
   5.0700000e+02   2.4803738e-01
   5.0800000e+02   2.4275781e-01
   5.0900000e+02   2.4521114e-01
   5.1000000e+02   2.4553516e-01
   5.1100000e+02   2.3645484e-01
   5.1200000e+02   2.2375485e-01
   5.1300000e+02   2.1690579e-01
   5.1400000e+02   2.2463727e-01
   5.1500000e+02   2.2837620e-01
   5.1600000e+02   2.2761580e-01
   5.1700000e+02   2.3312975e-01
   5.1800000e+02   2.4289688e-01
   5.1900000e+02   2.4486505e-01
   5.2000000e+02   2.5229066e-01
   5.2100000e+02   2.6599253e-01
   5.2200000e+02   2.8333959e-01
   5.2300000e+02   2.9562059e-01
   5.2400000e+02   3.0111955e-01
   5.2500000e+02   3.0936779e-01
   5.2600000e+02   3.3764364e-01
   5.2700000e+02   3.5678426e-01
   5.2800000e+02   3.7093335e-01
   5.2900000e+02   3.8928736e-01
   5.3000000e+02   3.9979535e-01
   5.3100000e+02   4.1152014e-01
   5.3200000e+02   4.3052461e-01
   5.3300000e+02   4.4156582e-01
   5.3400000e+02   4.4883728e-01
   5.3500000e+02   4.4548375e-01
   5.3600000e+02   4.2879266e-01
   5.3700000e+02   4.1476010e-01
   5.3800000e+02   3.9651643e-01
   5.3900000e+02   3.6160495e-01
   5.4000000e+02   3.2689708e-01
   5.4100000e+02   2.9745735e-01
   5.4200000e+02   2.6083785e-01
   5.4300000e+02   2.3517639e-01
   5.4400000e+02   2.1463444e-01
   5.4500000e+02   1.8363780e-01
   5.4600000e+02   1.6484958e-01
   5.4700000e+02   1.4762750e-01
   5.4800000e+02   1.2562251e-01
   5.4900000e+02   1.0888390e-01
   5.5000000e+02   9.7182983e-02
   5.5100000e+02   8.7556332e-02
   5.5200000e+02   7.6290656e-02
   5.5300000e+02   6.7210304e-02
   5.5400000e+02   6.3768326e-02
   5.5500000e+02   6.3109566e-02
   5.5600000e+02   5.6418124e-02
   5.5700000e+02   5.1819979e-02
   5.5800000e+02   5.5685940e-02
   5.5900000e+02   6.7681430e-02
   5.6000000e+02   8.3938992e-02
   5.6100000e+02   1.0297913e-01
   5.6200000e+02   1.2332501e-01
   5.6300000e+02   1.3858602e-01
   5.6400000e+02   1.5426899e-01
   5.6500000e+02   1.6011552e-01
   5.6600000e+02   1.5985010e-01
   5.6700000e+02   1.6132191e-01
   5.6800000e+02   1.6565414e-01
   5.6900000e+02   1.6361497e-01
   5.7000000e+02   1.6328696e-01
   5.7100000e+02   1.6380741e-01
   5.7200000e+02   1.6590025e-01
   5.7300000e+02   1.7720633e-01
   5.7400000e+02   1.7874189e-01
   5.7500000e+02   1.7336937e-01
   5.7600000e+02   1.7396958e-01
   5.7700000e+02   1.8110626e-01
   5.7800000e+02   1.8275035e-01
   5.7900000e+02   1.9000645e-01
   5.8000000e+02   1.9643066e-01
   5.8100000e+02   2.0130658e-01
   5.8200000e+02   2.0683793e-01
   5.8300000e+02   2.1038835e-01
   5.8400000e+02   2.1067580e-01
   5.8500000e+02   2.1554638e-01
   5.8600000e+02   2.2232208e-01
   5.8700000e+02   2.2440593e-01
   5.8800000e+02   2.2410139e-01
   5.8900000e+02   2.4246044e-01
   5.9000000e+02   2.5376419e-01
   5.9100000e+02   2.6468455e-01
   5.9200000e+02   2.7016000e-01
   5.9300000e+02   2.5123795e-01
   5.9400000e+02   2.5353324e-01
   5.9500000e+02   2.6072787e-01
   5.9600000e+02   2.4824346e-01
   5.9700000e+02   2.3130801e-01
   5.9800000e+02   2.3330157e-01
   5.9900000e+02   2.1499947e-01
   6.0000000e+02   2.1911523e-01
   6.0100000e+02   2.2830013e-01
   6.0200000e+02   2.2745576e-01
   6.0300000e+02   2.6621928e-01
   6.0400000e+02   2.6064021e-01
   6.0500000e+02   2.5229522e-01
   6.0600000e+02   3.2204256e-01
   6.0700000e+02   2.5992915e-01
   6.0800000e+02   2.4113547e-01
   6.0900000e+02   2.8704391e-01
   6.1000000e+02   2.3342215e-01
   6.1100000e+02   2.3073891e-01
   6.1200000e+02   2.4178066e-01
   6.1300000e+02   2.5256353e-01
   6.1400000e+02   2.6437936e-01
   6.1500000e+02   2.3447361e-01
   6.1600000e+02   2.7365583e-01
   6.1700000e+02   3.0751749e-01
   6.1800000e+02   2.8937727e-01
   6.1900000e+02   2.9398058e-01
   6.2000000e+02   3.0948346e-01
   6.2100000e+02   2.9518307e-01
   6.2200000e+02   3.0080219e-01
   6.2300000e+02   3.0678918e-01
   6.2400000e+02   3.0761724e-01
   6.2500000e+02   3.2247269e-01
   6.2600000e+02   3.3575294e-01
   6.2700000e+02   3.4307596e-01
   6.2800000e+02   3.5772720e-01
   6.2900000e+02   3.7264191e-01
   6.3000000e+02   3.8147424e-01
   6.3100000e+02   3.9869201e-01
   6.3200000e+02   4.1659092e-01
   6.3300000e+02   4.2969064e-01
   6.3400000e+02   4.5034713e-01
   6.3500000e+02   4.8384070e-01
   6.3600000e+02   5.1266728e-01
   6.3700000e+02   5.3400926e-01
   6.3800000e+02   5.4041729e-01
   6.3900000e+02   5.4309123e-01
   6.4000000e+02   5.5027603e-01
   6.4100000e+02   5.2550310e-01
   6.4200000e+02   5.0660159e-01
   6.4300000e+02   5.0398402e-01
   6.4400000e+02   4.7006377e-01
   6.4500000e+02   4.3751129e-01
   6.4600000e+02   4.0152378e-01
   6.4700000e+02   3.7551786e-01
   6.4800000e+02   3.5059443e-01
   6.4900000e+02   3.1454293e-01
   6.5000000e+02   3.0207295e-01
   6.5100000e+02   2.9291410e-01
   6.5200000e+02   2.7419229e-01
   6.5300000e+02   2.7226941e-01
   6.5400000e+02   2.6340611e-01
   6.5500000e+02   2.5315532e-01
   6.5600000e+02   2.5177799e-01
   6.5700000e+02   2.5904459e-01
   6.5800000e+02   2.6394509e-01
   6.5900000e+02   2.6082337e-01
   6.6000000e+02   2.5700252e-01
   6.6100000e+02   2.5549203e-01
   6.6200000e+02   2.5150916e-01
   6.6300000e+02   2.4931486e-01
   6.6400000e+02   2.4731862e-01
   6.6500000e+02   2.4308781e-01
   6.6600000e+02   2.4906939e-01
   6.6700000e+02   2.4439794e-01
   6.6800000e+02   2.3681955e-01
   6.6900000e+02   2.3414665e-01
   6.7000000e+02   2.3390573e-01
   6.7100000e+02   2.4196639e-01
   6.7200000e+02   2.4887258e-01
   6.7300000e+02   2.5545810e-01
   6.7400000e+02   2.6612012e-01
   6.7500000e+02   2.7918869e-01
   6.7600000e+02   2.8948099e-01
   6.7700000e+02   2.9848204e-01
   6.7800000e+02   3.1820718e-01
   6.7900000e+02   3.3045213e-01
   6.8000000e+02   3.3265187e-01
   6.8100000e+02   3.4145797e-01
   6.8200000e+02   3.5280681e-01
   6.8300000e+02   3.5614886e-01
   6.8400000e+02   3.7315240e-01
   6.8500000e+02   3.7965697e-01
   6.8600000e+02   3.8457141e-01
   6.8700000e+02   4.0101487e-01
   6.8800000e+02   4.1257486e-01
   6.8900000e+02   4.1398409e-01
   6.9000000e+02   4.1697612e-01
   6.9100000e+02   4.2713150e-01
   6.9200000e+02   4.2835045e-01
   6.9300000e+02   4.2888492e-01
   6.9400000e+02   4.2886579e-01
   6.9500000e+02   4.2343001e-01
   6.9600000e+02   4.1740002e-01
   6.9700000e+02   4.1519354e-01
   6.9800000e+02   4.1783665e-01
   6.9900000e+02   4.2126214e-01
   7.0000000e+02   4.1799093e-01
   7.0100000e+02   4.1634806e-01
   7.0200000e+02   4.2359540e-01
   7.0300000e+02   4.2701885e-01
   7.0400000e+02   4.2671254e-01
   7.0500000e+02   4.3351189e-01
   7.0600000e+02   4.3212896e-01
   7.0700000e+02   4.3392489e-01
   7.0800000e+02   4.3466516e-01
   7.0900000e+02   4.2776653e-01
   7.1000000e+02   4.2561151e-01
   7.1100000e+02   4.2569118e-01
   7.1200000e+02   4.2552700e-01
   7.1300000e+02   4.3853558e-01
   7.1400000e+02   4.5362766e-01
   7.1500000e+02   4.6743977e-01
   7.1600000e+02   4.9036600e-01
   7.1700000e+02   5.1397545e-01
   7.1800000e+02   5.3737902e-01
   7.1900000e+02   5.7802970e-01
   7.2000000e+02   6.1635832e-01
   7.2100000e+02   6.5035210e-01
   7.2200000e+02   6.9714754e-01
   7.2300000e+02   7.5054924e-01
   7.2400000e+02   7.9700423e-01
   7.2500000e+02   8.2540637e-01
   7.2600000e+02   8.5619561e-01
   7.2700000e+02   8.7321799e-01
   7.2800000e+02   8.7840270e-01
   7.2900000e+02   8.7737581e-01
   7.3000000e+02   8.7548074e-01
   7.3100000e+02   8.6537902e-01
   7.3200000e+02   8.5262452e-01
   7.3300000e+02   8.3064601e-01
   7.3400000e+02   7.8817062e-01
   7.3500000e+02   7.4973835e-01
   7.3600000e+02   7.0671361e-01
   7.3700000e+02   6.5752466e-01
   7.3800000e+02   6.0172603e-01
   7.3900000e+02   5.5648545e-01
   7.4000000e+02   5.1909171e-01
   7.4100000e+02   4.7862982e-01
   7.4200000e+02   4.4346063e-01
   7.4300000e+02   4.1389827e-01
   7.4400000e+02   3.8775369e-01
   7.4500000e+02   3.6069036e-01
   7.4600000e+02   3.4165330e-01
   7.4700000e+02   3.2688893e-01
   7.4800000e+02   3.0907578e-01
   7.4900000e+02   2.9374715e-01
   7.5000000e+02   2.8376635e-01
   7.5100000e+02   2.7737147e-01
   7.5200000e+02   2.7362531e-01
   7.5300000e+02   2.7331820e-01
   7.5400000e+02   2.6605087e-01
   7.5500000e+02   2.6228155e-01
   7.5600000e+02   2.6450834e-01
   7.5700000e+02   2.6655609e-01
   7.5800000e+02   2.7325771e-01
   7.5900000e+02   2.7317807e-01
   7.6000000e+02   2.6294691e-01
   7.6100000e+02   2.6022808e-01
   7.6200000e+02   2.6234730e-01
   7.6300000e+02   2.6498592e-01
   7.6400000e+02   2.7331966e-01
   7.6500000e+02   2.8558141e-01
   7.6600000e+02   2.8354132e-01
   7.6700000e+02   2.7661876e-01
   7.6800000e+02   2.6394004e-01
   7.6900000e+02   2.5166338e-01
   7.7000000e+02   2.4801123e-01
   7.7100000e+02   2.4644491e-01
   7.7200000e+02   2.4033727e-01
   7.7300000e+02   2.3463825e-01
   7.7400000e+02   2.2812281e-01
   7.7500000e+02   2.1588701e-01
   7.7600000e+02   2.0648922e-01
   7.7700000e+02   1.9639428e-01
   7.7800000e+02   1.7669592e-01
   7.7900000e+02   1.6754377e-01
   7.8000000e+02   1.5290175e-01
   7.8100000e+02   1.3456184e-01
   7.8200000e+02   1.2374263e-01
   7.8300000e+02   1.1818215e-01
   7.8400000e+02   1.1608432e-01
   7.8500000e+02   1.1471392e-01
   7.8600000e+02   1.1381627e-01
   7.8700000e+02   1.1377637e-01
   7.8800000e+02   1.1542995e-01
   7.8900000e+02   1.2223589e-01
   7.9000000e+02   1.2200949e-01
   7.9100000e+02   1.1085834e-01
   7.9200000e+02   1.1679820e-01
   7.9300000e+02   1.1906020e-01
   7.9400000e+02   1.1953191e-01
   7.9500000e+02   1.1461357e-01
   7.9600000e+02   1.0473482e-01
   7.9700000e+02   8.8311722e-02
   7.9800000e+02   9.6121204e-02
   7.9900000e+02   9.7980969e-02
   8.0000000e+02   9.7988560e-02
   8.0100000e+02   9.4629024e-02
   8.0200000e+02   9.0222033e-02
   8.0300000e+02   8.8336396e-02
   8.0400000e+02   8.1011681e-02
   8.0500000e+02   8.0949143e-02
   8.0600000e+02   8.0062507e-02
   8.0700000e+02   7.6676153e-02
   8.0800000e+02   7.4464328e-02
   8.0900000e+02   7.6942727e-02
   8.1000000e+02   8.3861639e-02
   8.1100000e+02   9.2917502e-02
   8.1200000e+02   1.0285706e-01
   8.1300000e+02   1.0733864e-01
   8.1400000e+02   1.1484397e-01
   8.1500000e+02   1.2059497e-01
   8.1600000e+02   1.2003084e-01
   8.1700000e+02   1.1915011e-01
   8.1800000e+02   1.1984814e-01
   8.1900000e+02   1.1939837e-01
   8.2000000e+02   1.2503859e-01
   8.2100000e+02   1.3270458e-01
   8.2200000e+02   1.3535881e-01
   8.2300000e+02   1.3480652e-01
   8.2400000e+02   1.4773354e-01
   8.2500000e+02   1.5347914e-01
   8.2600000e+02   1.4889284e-01
   8.2700000e+02   1.4861227e-01
   8.2800000e+02   1.5138552e-01
   8.2900000e+02   1.5677790e-01
   8.3000000e+02   1.6413411e-01
   8.3100000e+02   1.6778857e-01
   8.3200000e+02   1.8132329e-01
   8.3300000e+02   2.0999193e-01
   8.3400000e+02   2.3100844e-01
   8.3500000e+02   2.4615200e-01
   8.3600000e+02   2.4976236e-01
   8.3700000e+02   2.5413831e-01
   8.3800000e+02   2.5901182e-01
   8.3900000e+02   2.7341722e-01
   8.4000000e+02   2.8849649e-01
   8.4100000e+02   3.0589047e-01
   8.4200000e+02   3.2422676e-01
   8.4300000e+02   3.3661132e-01
   8.4400000e+02   3.5105454e-01
   8.4500000e+02   3.7569700e-01
   8.4600000e+02   4.0474941e-01
   8.4700000e+02   4.2669695e-01
   8.4800000e+02   4.5051961e-01
   8.4900000e+02   4.6830680e-01
   8.5000000e+02   4.8892755e-01
   8.5100000e+02   5.0711463e-01
   8.5200000e+02   5.0883745e-01
   8.5300000e+02   5.0401946e-01
   8.5400000e+02   4.8878640e-01
   8.5500000e+02   4.6097487e-01
   8.5600000e+02   4.4211083e-01
   8.5700000e+02   4.2595905e-01
   8.5800000e+02   4.0346655e-01
   8.5900000e+02   3.8289130e-01
   8.6000000e+02   3.6427922e-01
   8.6100000e+02   3.4552464e-01
   8.6200000e+02   3.3351757e-01
   8.6300000e+02   3.1863641e-01
   8.6400000e+02   3.0819805e-01
   8.6500000e+02   2.9923863e-01
   8.6600000e+02   2.9273129e-01
   8.6700000e+02   2.8877695e-01
   8.6800000e+02   2.8035460e-01
   8.6900000e+02   2.7348161e-01
   8.7000000e+02   2.6712669e-01
   8.7100000e+02   2.6247222e-01
   8.7200000e+02   2.5915694e-01
   8.7300000e+02   2.5835839e-01
   8.7400000e+02   2.5947522e-01
   8.7500000e+02   2.6022177e-01
   8.7600000e+02   2.6011356e-01
   8.7700000e+02   2.6493654e-01
   8.7800000e+02   2.6851379e-01
   8.7900000e+02   2.6402127e-01
   8.8000000e+02   2.6744735e-01
   8.8100000e+02   2.7018603e-01
   8.8200000e+02   2.7327782e-01
   8.8300000e+02   2.7533363e-01
   8.8400000e+02   2.6990503e-01
   8.8500000e+02   2.6815799e-01
   8.8600000e+02   2.7014048e-01
   8.8700000e+02   2.6451458e-01
   8.8800000e+02   2.6273786e-01
   8.8900000e+02   2.6364366e-01
   8.9000000e+02   2.6027678e-01
   8.9100000e+02   2.5916724e-01
   8.9200000e+02   2.6274124e-01
   8.9300000e+02   2.7175301e-01
   8.9400000e+02   2.6796262e-01
   8.9500000e+02   2.6352056e-01
   8.9600000e+02   2.6427871e-01
   8.9700000e+02   2.6655798e-01
   8.9800000e+02   2.7234554e-01
   8.9900000e+02   2.7696107e-01
   9.0000000e+02   2.7750813e-01
   9.0100000e+02   2.8624281e-01
   9.0200000e+02   2.9267912e-01
   9.0300000e+02   2.9650652e-01
   9.0400000e+02   3.0092795e-01
   9.0500000e+02   3.0897846e-01
   9.0600000e+02   3.2454844e-01
   9.0700000e+02   3.3873106e-01
   9.0800000e+02   3.5488518e-01
   9.0900000e+02   3.6648775e-01
   9.1000000e+02   3.8159003e-01
   9.1100000e+02   3.9890134e-01
   9.1200000e+02   4.1708674e-01
   9.1300000e+02   4.2952201e-01
   9.1400000e+02   4.3935419e-01
   9.1500000e+02   4.4291023e-01
   9.1600000e+02   4.3597007e-01
   9.1700000e+02   4.2565527e-01
   9.1800000e+02   4.1345214e-01
   9.1900000e+02   4.0278705e-01
   9.2000000e+02   3.7867127e-01
   9.2100000e+02   3.5382774e-01
   9.2200000e+02   3.3208954e-01
   9.2300000e+02   3.1933628e-01
   9.2400000e+02   3.0515356e-01
   9.2500000e+02   2.9305203e-01
   9.2600000e+02   2.8002164e-01
   9.2700000e+02   2.6778735e-01
   9.2800000e+02   2.5606055e-01
   9.2900000e+02   2.4532869e-01
   9.3000000e+02   2.3669509e-01
   9.3100000e+02   2.3122029e-01
   9.3200000e+02   2.1878661e-01
   9.3300000e+02   2.1077092e-01
   9.3400000e+02   2.0452546e-01
   9.3500000e+02   1.9175676e-01
   9.3600000e+02   1.8472339e-01
   9.3700000e+02   1.7976570e-01
   9.3800000e+02   1.7521338e-01
   9.3900000e+02   1.7445517e-01
   9.4000000e+02   1.7231004e-01
   9.4100000e+02   1.6922743e-01
   9.4200000e+02   1.7588145e-01
   9.4300000e+02   1.7361624e-01
   9.4400000e+02   1.7173986e-01
   9.4500000e+02   1.6571528e-01
   9.4600000e+02   1.5731213e-01
   9.4700000e+02   1.4710691e-01
   9.4800000e+02   1.4285762e-01
   9.4900000e+02   1.3408790e-01
   9.5000000e+02   1.2208975e-01
   9.5100000e+02   1.1445461e-01
   9.5200000e+02   1.0932337e-01
   9.5300000e+02   1.0535278e-01
   9.5400000e+02   9.8574414e-02
   9.5500000e+02   9.3227798e-02
   9.5600000e+02   9.0660181e-02
   9.5700000e+02   9.4541998e-02
   9.5800000e+02   9.4687166e-02
   9.5900000e+02   9.0163837e-02
   9.6000000e+02   8.4340180e-02
   9.6100000e+02   8.1296026e-02
   9.6200000e+02   7.5506964e-02
   9.6300000e+02   7.1116145e-02
   9.6400000e+02   7.4177617e-02
   9.6500000e+02   7.0816746e-02
   9.6600000e+02   7.0742852e-02
   9.6700000e+02   7.8883984e-02
   9.6800000e+02   8.8734498e-02
   9.6900000e+02   9.5360259e-02
   9.7000000e+02   9.5860610e-02
   9.7100000e+02   1.0004598e-01
   9.7200000e+02   1.0018838e-01
   9.7300000e+02   1.0059274e-01
   9.7400000e+02   1.0643160e-01
   9.7500000e+02   1.1294421e-01
   9.7600000e+02   1.2029991e-01
   9.7700000e+02   1.2815448e-01
   9.7800000e+02   1.2668400e-01
   9.7900000e+02   1.2605535e-01
   9.8000000e+02   1.2599225e-01
   9.8100000e+02   1.3685798e-01
   9.8200000e+02   1.4580643e-01
   9.8300000e+02   1.5514319e-01
   9.8400000e+02   1.5526976e-01
   9.8500000e+02   1.6080166e-01
   9.8600000e+02   1.7060104e-01
   9.8700000e+02   1.8126333e-01
   9.8800000e+02   1.9485356e-01
   9.8900000e+02   2.0879024e-01
   9.9000000e+02   2.2281621e-01
   9.9100000e+02   2.4462429e-01
   9.9200000e+02   2.6197673e-01
   9.9300000e+02   2.8229161e-01
   9.9400000e+02   2.9816418e-01
   9.9500000e+02   3.1725958e-01
   9.9600000e+02   3.3873890e-01
   9.9700000e+02   3.5867134e-01
   9.9800000e+02   3.8443588e-01
   9.9900000e+02   4.0788812e-01
   1.0000000e+03   4.2588663e-01
   1.0010000e+03   4.4803783e-01
   1.0020000e+03   4.6867286e-01
   1.0030000e+03   4.8963786e-01
   1.0040000e+03   5.1546097e-01
   1.0050000e+03   5.3650526e-01
   1.0060000e+03   5.5003657e-01
   1.0070000e+03   5.6564065e-01
   1.0080000e+03   5.7294425e-01
   1.0090000e+03   5.7379686e-01
   1.0100000e+03   5.7201128e-01
   1.0110000e+03   5.7112783e-01
   1.0120000e+03   5.6591628e-01
   1.0130000e+03   5.4920172e-01
   1.0140000e+03   5.2552215e-01
   1.0150000e+03   5.0293533e-01
   1.0160000e+03   4.8130770e-01
   1.0170000e+03   4.5727783e-01
   1.0180000e+03   4.2946105e-01
   1.0190000e+03   3.9884705e-01
   1.0200000e+03   3.7594755e-01
   1.0210000e+03   3.5312235e-01
   1.0220000e+03   3.3293244e-01
   1.0230000e+03   3.0799188e-01
   1.0240000e+03   2.8732168e-01
   1.0250000e+03   2.7165328e-01
   1.0260000e+03   2.5725779e-01
   1.0270000e+03   2.4284322e-01
   1.0280000e+03   2.3252015e-01
   1.0290000e+03   2.2057682e-01
   1.0300000e+03   2.0741192e-01
   1.0310000e+03   2.0253476e-01
   1.0320000e+03   1.9870515e-01
   1.0330000e+03   1.8409994e-01
   1.0340000e+03   1.7285948e-01
   1.0350000e+03   1.6691150e-01
   1.0360000e+03   1.6097918e-01
   1.0370000e+03   1.5602684e-01
   1.0380000e+03   1.5143171e-01
   1.0390000e+03   1.4944188e-01
   1.0400000e+03   1.4562148e-01
   1.0410000e+03   1.4073736e-01
   1.0420000e+03   1.3938828e-01
   1.0430000e+03   1.3020903e-01
   1.0440000e+03   1.2368471e-01
   1.0450000e+03   1.2058030e-01
   1.0460000e+03   1.1399179e-01
   1.0470000e+03   1.0944533e-01
   1.0480000e+03   1.0464732e-01
   1.0490000e+03   9.9186635e-02
   1.0500000e+03   9.6109577e-02
   1.0510000e+03   9.2598312e-02
   1.0520000e+03   9.3435871e-02
   1.0530000e+03   9.7893153e-02
   1.0540000e+03   1.0230136e-01
   1.0550000e+03   1.0828221e-01
   1.0560000e+03   1.1291347e-01
   1.0570000e+03   1.1240184e-01
   1.0580000e+03   1.1166344e-01
   1.0590000e+03   1.1898455e-01
   1.0600000e+03   1.2169316e-01
   1.0610000e+03   1.1868216e-01
   1.0620000e+03   1.1586781e-01
   1.0630000e+03   1.1673893e-01
   1.0640000e+03   1.1774101e-01
   1.0650000e+03   1.2185240e-01
   1.0660000e+03   1.2333805e-01
   1.0670000e+03   1.2126519e-01
   1.0680000e+03   1.1669234e-01
   1.0690000e+03   1.1637518e-01
   1.0700000e+03   1.1811923e-01
   1.0710000e+03   1.1764149e-01
   1.0720000e+03   1.1439934e-01
   1.0730000e+03   1.1160329e-01
   1.0740000e+03   1.0737143e-01
   1.0750000e+03   1.0781932e-01
   1.0760000e+03   1.0184694e-01
   1.0770000e+03   9.5725103e-02
   1.0780000e+03   9.0532669e-02
   1.0790000e+03   8.9805724e-02
   1.0800000e+03   8.3376821e-02
   1.0810000e+03   7.8618350e-02
   1.0820000e+03   7.8444849e-02
   1.0830000e+03   8.1663632e-02
   1.0840000e+03   8.2951141e-02
   1.0850000e+03   8.0161997e-02
   1.0860000e+03   8.8914046e-02
   1.0870000e+03   9.2338642e-02
   1.0880000e+03   8.8658617e-02
   1.0890000e+03   8.3122391e-02
   1.0900000e+03   7.8802314e-02
   1.0910000e+03   7.5279007e-02
   1.0920000e+03   7.4434336e-02
   1.0930000e+03   7.3707638e-02
   1.0940000e+03   6.9374094e-02
   1.0950000e+03   6.4067857e-02
   1.0960000e+03   6.2387745e-02
   1.0970000e+03   5.9535802e-02
   1.0980000e+03   5.5398931e-02
   1.0990000e+03   5.2575379e-02
   1.1000000e+03   4.7552829e-02
   1.1010000e+03   4.5831515e-02
   1.1020000e+03   4.8910931e-02
   1.1030000e+03   4.9681361e-02
   1.1040000e+03   4.7291420e-02
   1.1050000e+03   4.4967605e-02
   1.1060000e+03   5.0024723e-02
   1.1070000e+03   5.3048358e-02
   1.1080000e+03   5.1911175e-02
   1.1090000e+03   5.2711816e-02
   1.1100000e+03   5.3269398e-02
   1.1110000e+03   4.9536025e-02
   1.1120000e+03   4.9697444e-02
   1.1130000e+03   5.0655050e-02
   1.1140000e+03   4.9850551e-02
   1.1150000e+03   4.9140491e-02
   1.1160000e+03   4.3672446e-02
   1.1170000e+03   4.1110201e-02
   1.1180000e+03   4.3467567e-02
   1.1190000e+03   4.5793490e-02
   1.1200000e+03   4.6260657e-02
   1.1210000e+03   4.7686191e-02
   1.1220000e+03   5.4624768e-02
   1.1230000e+03   6.0461557e-02
   1.1240000e+03   6.7087518e-02
   1.1250000e+03   7.3074421e-02
   1.1260000e+03   8.6459764e-02
   1.1270000e+03   1.0042425e-01
   1.1280000e+03   1.0619186e-01
   1.1290000e+03   1.1266988e-01
   1.1300000e+03   1.1338357e-01
   1.1310000e+03   1.1394858e-01
   1.1320000e+03   1.1345306e-01
   1.1330000e+03   1.1788329e-01
   1.1340000e+03   1.1756926e-01
   1.1350000e+03   1.1348813e-01
   1.1360000e+03   1.1353468e-01
   1.1370000e+03   1.1291702e-01
   1.1380000e+03   1.0893240e-01
   1.1390000e+03   1.0835132e-01
   1.1400000e+03   1.0902433e-01
   1.1410000e+03   1.1109568e-01
   1.1420000e+03   1.0181334e-01
   1.1430000e+03   9.4918720e-02
   1.1440000e+03   9.5058482e-02
   1.1450000e+03   9.6987754e-02
   1.1460000e+03   1.0088355e-01
   1.1470000e+03   1.0193041e-01
   1.1480000e+03   9.7492533e-02
   1.1490000e+03   1.0106314e-01
   1.1500000e+03   1.0596605e-01
   1.1510000e+03   1.0616788e-01
   1.1520000e+03   1.1051950e-01
   1.1530000e+03   1.1543779e-01
   1.1540000e+03   1.2456917e-01
   1.1550000e+03   1.3858268e-01
   1.1560000e+03   1.4883380e-01
   1.1570000e+03   1.5955989e-01
   1.1580000e+03   1.8069599e-01
   1.1590000e+03   2.0288987e-01
   1.1600000e+03   2.2743051e-01
   1.1610000e+03   2.5679656e-01
   1.1620000e+03   2.9685072e-01
   1.1630000e+03   3.3736685e-01
   1.1640000e+03   3.8001138e-01
   1.1650000e+03   4.2319731e-01
   1.1660000e+03   4.6739103e-01
   1.1670000e+03   5.1353443e-01
   1.1680000e+03   5.5433824e-01
   1.1690000e+03   5.9204579e-01
   1.1700000e+03   6.1961160e-01
   1.1710000e+03   6.3837239e-01
   1.1720000e+03   6.5267874e-01
   1.1730000e+03   6.6810385e-01
   1.1740000e+03   6.8409945e-01
   1.1750000e+03   6.8195710e-01
   1.1760000e+03   6.7719026e-01
   1.1770000e+03   6.6643966e-01
   1.1780000e+03   6.5260477e-01
   1.1790000e+03   6.2290516e-01
   1.1800000e+03   5.8210012e-01
   1.1810000e+03   5.3427424e-01
   1.1820000e+03   4.9171589e-01
   1.1830000e+03   4.4738938e-01
   1.1840000e+03   3.9856156e-01
   1.1850000e+03   3.5428436e-01
   1.1860000e+03   3.1799777e-01
   1.1870000e+03   2.8735376e-01
   1.1880000e+03   2.5641840e-01
   1.1890000e+03   2.4059887e-01
   1.1900000e+03   2.3098745e-01
   1.1910000e+03   2.1913781e-01
   1.1920000e+03   2.1773558e-01
   1.1930000e+03   2.1864026e-01
   1.1940000e+03   2.1811277e-01
   1.1950000e+03   2.2024256e-01
   1.1960000e+03   2.2485426e-01
   1.1970000e+03   2.3146822e-01
   1.1980000e+03   2.3804628e-01
   1.1990000e+03   2.4298640e-01
   1.2000000e+03   2.5310688e-01
   1.2010000e+03   2.6805335e-01
   1.2020000e+03   2.7443889e-01
   1.2030000e+03   2.8528841e-01
   1.2040000e+03   3.0213108e-01
   1.2050000e+03   3.2980186e-01
   1.2060000e+03   3.5287445e-01
   1.2070000e+03   3.7433449e-01
   1.2080000e+03   4.0572340e-01
   1.2090000e+03   4.4333054e-01
   1.2100000e+03   4.8125350e-01
   1.2110000e+03   5.1761180e-01
   1.2120000e+03   5.5338585e-01
   1.2130000e+03   5.9070561e-01
   1.2140000e+03   6.2987911e-01
   1.2150000e+03   6.6885243e-01
   1.2160000e+03   7.0058078e-01
   1.2170000e+03   7.2576265e-01
   1.2180000e+03   7.4842061e-01
   1.2190000e+03   7.6441898e-01
   1.2200000e+03   7.7610262e-01
   1.2210000e+03   7.7864245e-01
   1.2220000e+03   7.7477264e-01
   1.2230000e+03   7.6778144e-01
   1.2240000e+03   7.5794033e-01
   1.2250000e+03   7.4284499e-01
   1.2260000e+03   7.2801402e-01
   1.2270000e+03   7.1719500e-01
   1.2280000e+03   7.0324697e-01
   1.2290000e+03   6.8651444e-01
   1.2300000e+03   6.7611699e-01
   1.2310000e+03   6.7257234e-01
   1.2320000e+03   6.6660189e-01
   1.2330000e+03   6.6107888e-01
   1.2340000e+03   6.6220009e-01
   1.2350000e+03   6.7680679e-01
   1.2360000e+03   6.9538124e-01
   1.2370000e+03   7.1921404e-01
   1.2380000e+03   7.5109699e-01
   1.2390000e+03   7.9841475e-01
   1.2400000e+03   8.5146374e-01
   1.2410000e+03   8.9966214e-01
   1.2420000e+03   9.4830551e-01
   1.2430000e+03   1.0042399e+00
   1.2440000e+03   1.0635120e+00
   1.2450000e+03   1.1222345e+00
   1.2460000e+03   1.1774359e+00
   1.2470000e+03   1.2333764e+00
   1.2480000e+03   1.2927796e+00
   1.2490000e+03   1.3496501e+00
   1.2500000e+03   1.3974830e+00
   1.2510000e+03   1.4391638e+00
   1.2520000e+03   1.4643328e+00
   1.2530000e+03   1.4831136e+00
   1.2540000e+03   1.4902374e+00
   1.2550000e+03   1.4748207e+00
   1.2560000e+03   1.4538830e+00
   1.2570000e+03   1.4244806e+00
   1.2580000e+03   1.3800273e+00
   1.2590000e+03   1.3173585e+00
   1.2600000e+03   1.2557759e+00
   1.2610000e+03   1.1931933e+00
   1.2620000e+03   1.1269167e+00
   1.2630000e+03   1.0588276e+00
   1.2640000e+03   9.9372109e-01
   1.2650000e+03   9.3785089e-01
   1.2660000e+03   8.9240962e-01
   1.2670000e+03   8.4878108e-01
   1.2680000e+03   7.9828499e-01
   1.2690000e+03   7.6449991e-01
   1.2700000e+03   7.3629139e-01
   1.2710000e+03   7.1071764e-01
   1.2720000e+03   6.9264272e-01
   1.2730000e+03   6.7455965e-01
   1.2740000e+03   6.5961050e-01
   1.2750000e+03   6.5375896e-01
   1.2760000e+03   6.5406590e-01
   1.2770000e+03   6.5803974e-01
   1.2780000e+03   6.6570235e-01
   1.2790000e+03   6.8404896e-01
   1.2800000e+03   7.0855481e-01
   1.2810000e+03   7.3745163e-01
   1.2820000e+03   7.7322504e-01
   1.2830000e+03   8.1041612e-01
   1.2840000e+03   8.5691130e-01
   1.2850000e+03   9.0726524e-01
   1.2860000e+03   9.6635016e-01
   1.2870000e+03   1.0378701e+00
   1.2880000e+03   1.1125570e+00
   1.2890000e+03   1.1960517e+00
   1.2900000e+03   1.3021593e+00
   1.2910000e+03   1.4149683e+00
   1.2920000e+03   1.5361918e+00
   1.2930000e+03   1.6852521e+00
   1.2940000e+03   1.8512540e+00
   1.2950000e+03   2.0287808e+00
   1.2960000e+03   2.2287620e+00
   1.2970000e+03   2.4458563e+00
   1.2980000e+03   2.6802892e+00
   1.2990000e+03   2.9443137e+00
   1.3000000e+03   3.2123408e+00
   1.3010000e+03   3.4804406e+00
   1.3020000e+03   3.7459921e+00
   1.3030000e+03   3.9869647e+00
   1.3040000e+03   4.2090533e+00
   1.3050000e+03   4.4149399e+00
   1.3060000e+03   4.5787451e+00
   1.3070000e+03   4.6984753e+00
   1.3080000e+03   4.7868869e+00
   1.3090000e+03   4.8349284e+00
   1.3100000e+03   4.8245175e+00
   1.3110000e+03   4.7786047e+00
   1.3120000e+03   4.6991565e+00
   1.3130000e+03   4.5822577e+00
   1.3140000e+03   4.4478975e+00
   1.3150000e+03   4.3043066e+00
   1.3160000e+03   4.1650414e+00
   1.3170000e+03   4.0305988e+00
   1.3180000e+03   3.9150763e+00
   1.3190000e+03   3.8264166e+00
   1.3200000e+03   3.7900420e+00
   1.3210000e+03   3.7864658e+00
   1.3220000e+03   3.8225651e+00
   1.3230000e+03   3.9313937e+00
   1.3240000e+03   4.1028451e+00
   1.3250000e+03   4.3261732e+00
   1.3260000e+03   4.6104611e+00
   1.3270000e+03   4.9934037e+00
   1.3280000e+03   5.4447739e+00
   1.3290000e+03   5.9565731e+00
   1.3300000e+03   6.5838321e+00
   1.3310000e+03   7.2576244e+00
   1.3320000e+03   7.9598341e+00
   1.3330000e+03   8.6814933e+00
   1.3340000e+03   9.3572996e+00
   1.3350000e+03   9.9563338e+00
   1.3360000e+03   1.0450400e+01
   1.3370000e+03   1.0678479e+01
   1.3380000e+03   1.0716591e+01
   1.3390000e+03   1.0575438e+01
   1.3400000e+03   1.0181835e+01
   1.3410000e+03   9.6183717e+00
   1.3420000e+03   8.9641285e+00
   1.3430000e+03   8.2407384e+00
   1.3440000e+03   7.4966057e+00
   1.3450000e+03   6.7814022e+00
   1.3460000e+03   6.1021045e+00
   1.3470000e+03   5.5136782e+00
   1.3480000e+03   4.9938432e+00
   1.3490000e+03   4.5299279e+00
   1.3500000e+03   4.1423016e+00
   1.3510000e+03   3.8216625e+00
   1.3520000e+03   3.5447822e+00
   1.3530000e+03   3.3019424e+00
   1.3540000e+03   3.1131453e+00
   1.3550000e+03   2.9523509e+00
   1.3560000e+03   2.8111799e+00
   1.3570000e+03   2.6995075e+00
   1.3580000e+03   2.5992126e+00
   1.3590000e+03   2.5076044e+00
   1.3600000e+03   2.4261654e+00
   1.3610000e+03   2.3619001e+00
   1.3620000e+03   2.3036944e+00
   1.3630000e+03   2.2525967e+00
   1.3640000e+03   2.2161389e+00
   1.3650000e+03   2.1811920e+00
   1.3660000e+03   2.1542425e+00
   1.3670000e+03   2.1346950e+00
   1.3680000e+03   2.1270884e+00
   1.3690000e+03   2.1220374e+00
   1.3700000e+03   2.1246427e+00
   1.3710000e+03   2.1540938e+00
   1.3720000e+03   2.1829365e+00
   1.3730000e+03   2.2096641e+00
   1.3740000e+03   2.2440034e+00
   1.3750000e+03   2.2921514e+00
   1.3760000e+03   2.3332708e+00
   1.3770000e+03   2.3489299e+00
   1.3780000e+03   2.3277657e+00
   1.3790000e+03   2.2838661e+00
   1.3800000e+03   2.2230893e+00
   1.3810000e+03   2.1179263e+00
   1.3820000e+03   1.9891439e+00
   1.3830000e+03   1.8546194e+00
   1.3840000e+03   1.7160804e+00
   1.3850000e+03   1.5734105e+00
   1.3860000e+03   1.4367042e+00
   1.3870000e+03   1.3100848e+00
   1.3880000e+03   1.2131392e+00
   1.3890000e+03   1.1223725e+00
   1.3900000e+03   1.0362257e+00
   1.3910000e+03   9.6395629e-01
   1.3920000e+03   9.1039620e-01
   1.3930000e+03   8.6106769e-01
   1.3940000e+03   8.1160394e-01
   1.3950000e+03   7.7661290e-01
   1.3960000e+03   7.4720135e-01
   1.3970000e+03   7.1950997e-01
   1.3980000e+03   6.9629920e-01
   1.3990000e+03   6.7699276e-01
   1.4000000e+03   6.5882565e-01
   1.4010000e+03   6.4581600e-01
   1.4020000e+03   6.4508030e-01
   1.4030000e+03   6.3906117e-01
   1.4040000e+03   6.2779378e-01
   1.4050000e+03   6.2698494e-01
   1.4060000e+03   6.2545605e-01
   1.4070000e+03   6.2820302e-01
   1.4080000e+03   6.3679962e-01
   1.4090000e+03   6.5680911e-01
   1.4100000e+03   6.7839501e-01
   1.4110000e+03   7.0325787e-01
   1.4120000e+03   7.3577910e-01
   1.4130000e+03   7.7940627e-01
   1.4140000e+03   8.2998317e-01
   1.4150000e+03   8.9309249e-01
   1.4160000e+03   9.6881256e-01
   1.4170000e+03   1.0497218e+00
   1.4180000e+03   1.1440723e+00
   1.4190000e+03   1.2307395e+00
   1.4200000e+03   1.3203062e+00
   1.4210000e+03   1.4047240e+00
   1.4220000e+03   1.4717790e+00
   1.4230000e+03   1.5282246e+00
   1.4240000e+03   1.5633416e+00
   1.4250000e+03   1.5747162e+00
   1.4260000e+03   1.5673225e+00
   1.4270000e+03   1.5415121e+00
   1.4280000e+03   1.4973894e+00
   1.4290000e+03   1.4341514e+00
   1.4300000e+03   1.3674885e+00
   1.4310000e+03   1.2938983e+00
   1.4320000e+03   1.2160214e+00
   1.4330000e+03   1.1422567e+00
   1.4340000e+03   1.0728251e+00
   1.4350000e+03   1.0078786e+00
   1.4360000e+03   9.4133410e-01
   1.4370000e+03   8.8986220e-01
   1.4380000e+03   8.4590676e-01
   1.4390000e+03   7.9707742e-01
   1.4400000e+03   7.7171159e-01
   1.4410000e+03   7.5011270e-01
   1.4420000e+03   7.2651093e-01
   1.4430000e+03   7.1123595e-01
   1.4440000e+03   7.0149525e-01
   1.4450000e+03   6.9665125e-01
   1.4460000e+03   6.9351024e-01
   1.4470000e+03   6.9972333e-01
   1.4480000e+03   7.0573192e-01
   1.4490000e+03   7.1298229e-01
   1.4500000e+03   7.2220286e-01
   1.4510000e+03   7.3859280e-01
   1.4520000e+03   7.5529587e-01
   1.4530000e+03   7.6643738e-01
   1.4540000e+03   7.8446748e-01
   1.4550000e+03   8.0470762e-01
   1.4560000e+03   8.2666990e-01
   1.4570000e+03   8.4332100e-01
   1.4580000e+03   8.6536635e-01
   1.4590000e+03   8.9276864e-01
   1.4600000e+03   9.1526036e-01
   1.4610000e+03   9.4894436e-01
   1.4620000e+03   9.9334837e-01
   1.4630000e+03   1.0462108e+00
   1.4640000e+03   1.1180020e+00
   1.4650000e+03   1.2032411e+00
   1.4660000e+03   1.3010491e+00
   1.4670000e+03   1.4238788e+00
   1.4680000e+03   1.5724458e+00
   1.4690000e+03   1.7464905e+00
   1.4700000e+03   1.9558245e+00
   1.4710000e+03   2.2254644e+00
   1.4720000e+03   2.5437914e+00
   1.4730000e+03   2.9102730e+00
   1.4740000e+03   3.3449789e+00
   1.4750000e+03   3.8499613e+00
   1.4760000e+03   4.4035046e+00
   1.4770000e+03   4.9932934e+00
   1.4780000e+03   5.5925239e+00
   1.4790000e+03   6.1672360e+00
   1.4800000e+03   6.7011393e+00
   1.4810000e+03   7.1246750e+00
   1.4820000e+03   7.4107196e+00
   1.4830000e+03   7.5675923e+00
   1.4840000e+03   7.5636609e+00
   1.4850000e+03   7.3930055e+00
   1.4860000e+03   7.1157354e+00
   1.4870000e+03   6.7408321e+00
   1.4880000e+03   6.2775323e+00
   1.4890000e+03   5.7725350e+00
   1.4900000e+03   5.2517707e+00
   1.4910000e+03   4.7294936e+00
   1.4920000e+03   4.2480405e+00
   1.4930000e+03   3.8191696e+00
   1.4940000e+03   3.4507877e+00
   1.4950000e+03   3.1593800e+00
   1.4960000e+03   2.9400893e+00
   1.4970000e+03   2.7818971e+00
   1.4980000e+03   2.6857109e+00
   1.4990000e+03   2.6501994e+00
   1.5000000e+03   2.6635150e+00
   1.5010000e+03   2.7226941e+00
   1.5020000e+03   2.8258936e+00
   1.5030000e+03   2.9552396e+00
   1.5040000e+03   3.1006349e+00
   1.5050000e+03   3.2591608e+00
   1.5060000e+03   3.4086032e+00
   1.5070000e+03   3.5294198e+00
   1.5080000e+03   3.6174728e+00
   1.5090000e+03   3.6223832e+00
   1.5100000e+03   3.5579721e+00
   1.5110000e+03   3.4392529e+00
   1.5120000e+03   3.2632476e+00
   1.5130000e+03   3.0142472e+00
   1.5140000e+03   2.7399753e+00
   1.5150000e+03   2.4510522e+00
   1.5160000e+03   2.1659036e+00
   1.5170000e+03   1.9032108e+00
   1.5180000e+03   1.6620137e+00
   1.5190000e+03   1.4512709e+00
   1.5200000e+03   1.2699864e+00
   1.5210000e+03   1.1130811e+00
   1.5220000e+03   9.8545390e-01
   1.5230000e+03   8.7752001e-01
   1.5240000e+03   7.8743208e-01
   1.5250000e+03   7.1185038e-01
   1.5260000e+03   6.5453168e-01
   1.5270000e+03   6.0343080e-01
   1.5280000e+03   5.6269790e-01
   1.5290000e+03   5.2714860e-01
   1.5300000e+03   4.9102286e-01
   1.5310000e+03   4.6765070e-01
   1.5320000e+03   4.4524427e-01
   1.5330000e+03   4.1662388e-01
   1.5340000e+03   3.9995658e-01
   1.5350000e+03   3.8696938e-01
   1.5360000e+03   3.7496964e-01
   1.5370000e+03   3.7171426e-01
   1.5380000e+03   3.6686460e-01
   1.5390000e+03   3.5714373e-01
   1.5400000e+03   3.4651873e-01
   1.5410000e+03   3.3847440e-01
   1.5420000e+03   3.3602858e-01
   1.5430000e+03   3.3781538e-01
   1.5440000e+03   3.3440179e-01
   1.5450000e+03   3.2921340e-01
   1.5460000e+03   3.2508230e-01
   1.5470000e+03   3.1815983e-01
   1.5480000e+03   3.1785128e-01
   1.5490000e+03   3.1704857e-01
   1.5500000e+03   3.1784927e-01
   1.5510000e+03   3.2071327e-01
   1.5520000e+03   3.2189536e-01
   1.5530000e+03   3.2491752e-01
   1.5540000e+03   3.2842281e-01
   1.5550000e+03   3.3672258e-01
   1.5560000e+03   3.4319630e-01
   1.5570000e+03   3.4824312e-01
   1.5580000e+03   3.6046536e-01
   1.5590000e+03   3.7244408e-01
   1.5600000e+03   3.8831335e-01
   1.5610000e+03   4.0994230e-01
   1.5620000e+03   4.3641019e-01
   1.5630000e+03   4.6841603e-01
   1.5640000e+03   5.1592092e-01
   1.5650000e+03   5.8139967e-01
   1.5660000e+03   6.5709772e-01
   1.5670000e+03   7.4290108e-01
   1.5680000e+03   8.4513762e-01
   1.5690000e+03   9.7609958e-01
   1.5700000e+03   1.1292143e+00
   1.5710000e+03   1.3018085e+00
   1.5720000e+03   1.5252587e+00
   1.5730000e+03   1.7822162e+00
   1.5740000e+03   2.0627900e+00
   1.5750000e+03   2.3699036e+00
   1.5760000e+03   2.7007170e+00
   1.5770000e+03   3.0315220e+00
   1.5780000e+03   3.3533122e+00
   1.5790000e+03   3.6244057e+00
   1.5800000e+03   3.8285742e+00
   1.5810000e+03   3.9643622e+00
   1.5820000e+03   3.9972856e+00
   1.5830000e+03   3.8983492e+00
   1.5840000e+03   3.7140065e+00
   1.5850000e+03   3.4641754e+00
   1.5860000e+03   3.1622077e+00
   1.5870000e+03   2.8423138e+00
   1.5880000e+03   2.5268500e+00
   1.5890000e+03   2.2346694e+00
   1.5900000e+03   1.9889274e+00
   1.5910000e+03   1.7741792e+00
   1.5920000e+03   1.5919804e+00
   1.5930000e+03   1.4607436e+00
   1.5940000e+03   1.3654550e+00
   1.5950000e+03   1.2942655e+00
   1.5960000e+03   1.2415331e+00
   1.5970000e+03   1.2307370e+00
   1.5980000e+03   1.2367292e+00
   1.5990000e+03   1.2469177e+00
   1.6000000e+03   1.2630567e+00
   1.6010000e+03   1.2736274e+00
   1.6020000e+03   1.2832646e+00
   1.6030000e+03   1.2897752e+00
   1.6040000e+03   1.2645563e+00
   1.6050000e+03   1.2298899e+00
   1.6060000e+03   1.1972272e+00
   1.6070000e+03   1.1578203e+00
   1.6080000e+03   1.1042133e+00
   1.6090000e+03   1.0534748e+00
   1.6100000e+03   9.8938842e-01
   1.6110000e+03   9.2551058e-01
   1.6120000e+03   8.6316042e-01
   1.6130000e+03   8.0227981e-01
   1.6140000e+03   7.4445422e-01
   1.6150000e+03   6.8802785e-01
   1.6160000e+03   6.3356430e-01
   1.6170000e+03   5.8774230e-01
   1.6180000e+03   5.4729735e-01
   1.6190000e+03   5.1267418e-01
   1.6200000e+03   4.8059326e-01
   1.6210000e+03   4.5110550e-01
   1.6220000e+03   4.2836961e-01
   1.6230000e+03   4.0738394e-01
   1.6240000e+03   3.8522177e-01
   1.6250000e+03   3.6884745e-01
   1.6260000e+03   3.4970068e-01
   1.6270000e+03   3.2952247e-01
   1.6280000e+03   3.1766118e-01
   1.6290000e+03   3.0832814e-01
   1.6300000e+03   2.9989081e-01
   1.6310000e+03   2.9168291e-01
   1.6320000e+03   2.8920495e-01
   1.6330000e+03   2.8076701e-01
   1.6340000e+03   2.7078676e-01
   1.6350000e+03   2.6474809e-01
   1.6360000e+03   2.5004569e-01
   1.6370000e+03   2.4644294e-01
   1.6380000e+03   2.4618985e-01
   1.6390000e+03   2.4159273e-01
   1.6400000e+03   2.3972672e-01
   1.6410000e+03   2.4069291e-01
   1.6420000e+03   2.3584120e-01
   1.6430000e+03   2.2789690e-01
   1.6440000e+03   2.2104289e-01
   1.6450000e+03   2.2329146e-01
   1.6460000e+03   2.2673103e-01
   1.6470000e+03   2.2130203e-01
   1.6480000e+03   2.1269586e-01
   1.6490000e+03   2.1439715e-01
   1.6500000e+03   1.9635233e-01
   1.6510000e+03   1.8387375e-01
   1.6520000e+03   1.7578523e-01
   1.6530000e+03   1.6313137e-01
   1.6540000e+03   1.5147227e-01
   1.6550000e+03   1.4036524e-01
   1.6560000e+03   1.3135464e-01
   1.6570000e+03   1.1169444e-01
   1.6580000e+03   9.8167097e-02
   1.6590000e+03   8.6427900e-02
   1.6600000e+03   7.1001471e-02
   1.6610000e+03   6.3798332e-02
   1.6620000e+03   4.7973895e-02
   1.6630000e+03   3.4441279e-02
   1.6640000e+03   3.0957684e-02
   1.6650000e+03   2.1521819e-02
   1.6660000e+03   1.2352836e-02
   1.6670000e+03   3.4518781e-03
   1.6680000e+03  -1.6548331e-04
   1.6690000e+03  -6.0021679e-03
   1.6700000e+03  -1.1142935e-02
   1.6710000e+03  -1.5425517e-02
   1.6720000e+03  -1.8019350e-02
   1.6730000e+03  -2.1110646e-02
   1.6740000e+03  -2.1204877e-02
   1.6750000e+03  -2.0022561e-02
   1.6760000e+03  -1.7309269e-02
   1.6770000e+03  -1.3969592e-02
   1.6780000e+03  -1.5121407e-02
   1.6790000e+03  -1.7952828e-02
   1.6800000e+03  -1.6170107e-02
   1.6810000e+03  -1.7293292e-02
   1.6820000e+03  -6.5780951e-03
   1.6830000e+03  -6.0864654e-03
   1.6840000e+03  -1.0243243e-02
   1.6850000e+03  -1.0218754e-02
   1.6860000e+03  -1.0437876e-02
   1.6870000e+03  -1.4556190e-02
   1.6880000e+03  -9.2495860e-03
   1.6890000e+03  -5.3471888e-03
   1.6900000e+03  -1.0079712e-03
   1.6910000e+03   7.1735108e-03
   1.6920000e+03   1.6199903e-02
   1.6930000e+03   1.7352388e-02
   1.6940000e+03   1.6382149e-02
   1.6950000e+03   1.5473698e-02
   1.6960000e+03   1.6660403e-02
   1.6970000e+03   1.4204551e-02
   1.6980000e+03   1.2906535e-02
   1.6990000e+03   1.7068297e-02
   1.7000000e+03   1.9250509e-02
   1.7010000e+03   1.8170466e-02
   1.7020000e+03   1.6985844e-02
   1.7030000e+03   1.9438033e-02
   1.7040000e+03   2.1104235e-02
   1.7050000e+03   2.0434900e-02
   1.7060000e+03   1.9773452e-02
   1.7070000e+03   1.6843329e-02
   1.7080000e+03   1.5741763e-02
   1.7090000e+03   1.8926072e-02
   1.7100000e+03   1.9982014e-02
   1.7110000e+03   1.9638280e-02
   1.7120000e+03   2.2064942e-02
   1.7130000e+03   2.0152978e-02
   1.7140000e+03   1.9030342e-02
   1.7150000e+03   2.0302583e-02
   1.7160000e+03   1.8736789e-02
   1.7170000e+03   1.8223789e-02
   1.7180000e+03   2.2264251e-02
   1.7190000e+03   2.6931761e-02
   1.7200000e+03   2.6908964e-02
   1.7210000e+03   2.0384576e-02
   1.7220000e+03   2.0881229e-02
   1.7230000e+03   2.5549052e-02
   1.7240000e+03   2.5893305e-02
   1.7250000e+03   2.8664738e-02
   1.7260000e+03   2.8309375e-02
   1.7270000e+03   2.8144039e-02
   1.7280000e+03   3.2166334e-02
   1.7290000e+03   3.3933707e-02
   1.7300000e+03   3.5388929e-02
   1.7310000e+03   3.5785023e-02
   1.7320000e+03   4.1569935e-02
   1.7330000e+03   4.1647541e-02
   1.7340000e+03   4.5453681e-02
   1.7350000e+03   4.9009093e-02
   1.7360000e+03   4.9942446e-02
   1.7370000e+03   4.8070121e-02
   1.7380000e+03   4.4811084e-02
   1.7390000e+03   4.8139016e-02
   1.7400000e+03   5.0543891e-02
   1.7410000e+03   5.1231332e-02
   1.7420000e+03   4.8723149e-02
   1.7430000e+03   4.8956589e-02
   1.7440000e+03   4.9104949e-02
   1.7450000e+03   4.8347006e-02
   1.7460000e+03   4.8171900e-02
   1.7470000e+03   4.4766596e-02
   1.7480000e+03   4.6800291e-02
   1.7490000e+03   4.8103079e-02
   1.7500000e+03   4.9384234e-02
   1.7510000e+03   4.8622734e-02
   1.7520000e+03   4.6883480e-02
   1.7530000e+03   4.5418448e-02
   1.7540000e+03   4.5510176e-02
   1.7550000e+03   4.1767667e-02
   1.7560000e+03   3.7864162e-02
   1.7570000e+03   3.5994440e-02
   1.7580000e+03   3.1203596e-02
   1.7590000e+03   2.5750133e-02
   1.7600000e+03   2.2400300e-02
   1.7610000e+03   2.5430552e-02
   1.7620000e+03   2.6860147e-02
   1.7630000e+03   2.4898535e-02
   1.7640000e+03   2.3384973e-02
   1.7650000e+03   2.2077704e-02
   1.7660000e+03   2.1929562e-02
   1.7670000e+03   2.2352349e-02
   1.7680000e+03   1.8060229e-02
   1.7690000e+03   1.7997365e-02
   1.7700000e+03   1.8900266e-02
   1.7710000e+03   1.6200361e-02
   1.7720000e+03   1.2665421e-02
   1.7730000e+03   1.1577283e-02
   1.7740000e+03   9.2344636e-03
   1.7750000e+03   8.4650550e-03
   1.7760000e+03   6.8278436e-03
   1.7770000e+03   2.6703556e-03
   1.7780000e+03   1.1703175e-03
   1.7790000e+03   2.4558632e-03
   1.7800000e+03   2.9495400e-03
   1.7810000e+03   2.2032479e-03
   1.7820000e+03   1.4774053e-03
   1.7830000e+03   7.0543899e-04
   1.7840000e+03  -3.2882253e-03
   1.7850000e+03  -6.7718691e-03
   1.7860000e+03  -6.8936842e-03
   1.7870000e+03  -2.4384539e-03
   1.7880000e+03   3.9024761e-04
   1.7890000e+03  -1.6579754e-03
   1.7900000e+03  -3.1876802e-03
   1.7910000e+03  -1.0811139e-03
   1.7920000e+03   3.6003988e-04
   1.7930000e+03   2.2753228e-03
   1.7940000e+03  -1.2510090e-03
   1.7950000e+03   3.1092241e-04
   1.7960000e+03   7.2244102e-04
   1.7970000e+03   5.8800979e-04
   1.7980000e+03   3.5870381e-04
   1.7990000e+03  -1.9897729e-03
