   5.0100000e+02   2.3936561e-02
   5.0200000e+02  -1.7724494e-02
   5.0300000e+02  -2.4665709e-02
   5.0400000e+02  -2.7461445e-02
   5.0500000e+02  -8.0700790e-03
   5.0600000e+02  -5.8692571e-03
   5.0700000e+02   1.0538730e-02
   5.0800000e+02   4.7900583e-02
   5.0900000e+02   8.9458940e-02
   5.1000000e+02   8.0812065e-02
   5.1100000e+02   5.0530163e-02
   5.1200000e+02   4.3099057e-02
   5.1300000e+02   5.5845481e-02
   5.1400000e+02   6.5650821e-02
   5.1500000e+02   7.5567990e-02
   5.1600000e+02   9.7654354e-02
   5.1700000e+02   1.1172294e-01
   5.1800000e+02   9.8002163e-02
   5.1900000e+02   8.7600467e-02
   5.2000000e+02   7.9858088e-02
   5.2100000e+02   6.1841678e-02
   5.2200000e+02   3.9603326e-02
   5.2300000e+02   1.8747519e-02
   5.2400000e+02   3.3290877e-02
   5.2500000e+02   4.3371852e-02
   5.2600000e+02   4.4227778e-02
   5.2700000e+02   4.1579968e-02
   5.2800000e+02   7.2180382e-02
   5.2900000e+02   1.1228265e-01
   5.3000000e+02   1.1803672e-01
   5.3100000e+02   1.4413993e-01
   5.3200000e+02   1.6915917e-01
   5.3300000e+02   1.6243200e-01
   5.3400000e+02   1.7699693e-01
   5.3500000e+02   1.6649588e-01
   5.3600000e+02   1.1322698e-01
   5.3700000e+02   1.5513967e-01
   5.3800000e+02   1.8530525e-01
   5.3900000e+02   1.7306675e-01
   5.4000000e+02   1.2913548e-01
   5.4100000e+02   1.1534410e-01
   5.4200000e+02   1.0806680e-01
   5.4300000e+02   1.1047057e-01
   5.4400000e+02   1.3154126e-01
   5.4500000e+02   1.6504664e-01
   5.4600000e+02   1.7676592e-01
   5.4700000e+02   1.7962995e-01
   5.4800000e+02   1.7631441e-01
   5.4900000e+02   1.8901205e-01
   5.5000000e+02   1.8665329e-01
   5.5100000e+02   1.8216104e-01
   5.5200000e+02   1.8566333e-01
   5.5300000e+02   2.0419889e-01
   5.5400000e+02   2.2089506e-01
   5.5500000e+02   2.2003312e-01
   5.5600000e+02   2.2059674e-01
   5.5700000e+02   2.1693662e-01
   5.5800000e+02   2.1205318e-01
   5.5900000e+02   1.9893651e-01
   5.6000000e+02   1.7464337e-01
   5.6100000e+02   1.2427316e-01
   5.6200000e+02   1.0826465e-01
   5.6300000e+02   1.0465492e-01
   5.6400000e+02   7.7913094e-02
   5.6500000e+02   5.9619802e-02
   5.6600000e+02   4.9848748e-02
   5.6700000e+02   4.8080303e-02
   5.6800000e+02   1.2503176e-02
   5.6900000e+02   4.1108529e-03
   5.7000000e+02   3.3017775e-02
   5.7100000e+02   1.9917788e-02
   5.7200000e+02   5.9782344e-03
   5.7300000e+02   5.2945041e-03
   5.7400000e+02   1.3550997e-02
   5.7500000e+02   2.6928978e-03
   5.7600000e+02  -1.4736096e-02
   5.7700000e+02  -1.4914755e-02
   5.7800000e+02  -5.3274452e-03
   5.7900000e+02   8.2944895e-03
   5.8000000e+02   1.7707918e-03
   5.8100000e+02  -1.0226029e-02
   5.8200000e+02  -1.9212354e-02
   5.8300000e+02  -1.2095909e-02
   5.8400000e+02  -2.2037423e-02
   5.8500000e+02  -3.2575403e-02
   5.8600000e+02  -8.1120098e-03
   5.8700000e+02  -7.1505523e-03
   5.8800000e+02  -2.0629277e-02
   5.8900000e+02  -2.0271593e-02
   5.9000000e+02  -1.7764959e-02
   5.9100000e+02  -1.1840117e-02
   5.9200000e+02  -1.3258951e-02
   5.9300000e+02  -1.9038497e-02
   5.9400000e+02  -1.0177292e-02
   5.9500000e+02   9.7808189e-03
   5.9600000e+02   5.1329633e-02
   5.9700000e+02   8.3273640e-02
   5.9800000e+02   6.0687292e-02
   5.9900000e+02   6.6205192e-02
   6.0000000e+02   4.4014818e-02
   6.0100000e+02   2.1386950e-02
   6.0200000e+02   6.5837239e-03
   6.0300000e+02  -1.3730601e-02
   6.0400000e+02   9.5283939e-02
   6.0500000e+02   5.0830120e-02
   6.0600000e+02   2.1887822e-02
   6.0700000e+02   1.1659362e-01
   6.0800000e+02   1.3652961e-01
   6.0900000e+02   1.3770994e-01
   6.1000000e+02   1.3765945e-01
   6.1100000e+02   1.4019138e-01
   6.1200000e+02   1.7063602e-01
   6.1300000e+02   1.2946440e-01
   6.1400000e+02   1.2610766e-01
   6.1500000e+02   1.5872532e-01
   6.1600000e+02   1.4389137e-01
   6.1700000e+02   1.5165700e-01
   6.1800000e+02   1.6792196e-01
   6.1900000e+02   1.6740347e-01
   6.2000000e+02   2.1539321e-01
   6.2100000e+02   2.3992182e-01
   6.2200000e+02   2.3295972e-01
   6.2300000e+02   2.4023349e-01
   6.2400000e+02   2.6893229e-01
   6.2500000e+02   2.7604734e-01
   6.2600000e+02   2.9023556e-01
   6.2700000e+02   2.9655087e-01
   6.2800000e+02   3.0655544e-01
   6.2900000e+02   2.9865255e-01
   6.3000000e+02   3.0627528e-01
   6.3100000e+02   3.2448278e-01
   6.3200000e+02   3.4223759e-01
   6.3300000e+02   3.5961760e-01
   6.3400000e+02   3.7107780e-01
   6.3500000e+02   3.8629864e-01
   6.3600000e+02   3.9280931e-01
   6.3700000e+02   4.2024550e-01
   6.3800000e+02   4.9082125e-01
   6.3900000e+02   4.8650261e-01
   6.4000000e+02   4.5439010e-01
   6.4100000e+02   4.4507894e-01
   6.4200000e+02   4.7348705e-01
   6.4300000e+02   4.8274699e-01
   6.4400000e+02   4.9499234e-01
   6.4500000e+02   5.1422776e-01
   6.4600000e+02   4.9834774e-01
   6.4700000e+02   4.7130695e-01
   6.4800000e+02   5.2385635e-01
   6.4900000e+02   5.2888839e-01
   6.5000000e+02   5.0217820e-01
   6.5100000e+02   5.0589521e-01
   6.5200000e+02   4.9262716e-01
   6.5300000e+02   4.7801177e-01
   6.5400000e+02   4.7321778e-01
   6.5500000e+02   4.8361743e-01
   6.5600000e+02   4.8022233e-01
   6.5700000e+02   4.6167255e-01
   6.5800000e+02   4.6999556e-01
   6.5900000e+02   4.6996617e-01
   6.6000000e+02   4.5124462e-01
   6.6100000e+02   4.3591372e-01
   6.6200000e+02   4.4686409e-01
   6.6300000e+02   4.5831072e-01
   6.6400000e+02   4.2739684e-01
   6.6500000e+02   4.1441042e-01
   6.6600000e+02   4.2161406e-01
   6.6700000e+02   4.1940360e-01
   6.6800000e+02   4.0640028e-01
   6.6900000e+02   3.6140756e-01
   6.7000000e+02   3.3651842e-01
   6.7100000e+02   3.0764210e-01
   6.7200000e+02   2.5228929e-01
   6.7300000e+02   1.9604079e-01
   6.7400000e+02   1.7289669e-01
   6.7500000e+02   1.4770370e-01
   6.7600000e+02   1.2142865e-01
   6.7700000e+02   1.0835464e-01
   6.7800000e+02   9.7951230e-02
   6.7900000e+02   8.1895609e-02
   6.8000000e+02   5.9015544e-02
   6.8100000e+02   5.0213730e-02
   6.8200000e+02   6.5136501e-02
   6.8300000e+02   7.9521518e-02
   6.8400000e+02   7.3030413e-02
   6.8500000e+02   5.1221837e-02
   6.8600000e+02   6.2094409e-02
   6.8700000e+02   5.9691649e-02
   6.8800000e+02   5.0524059e-02
   6.8900000e+02   5.9678007e-02
   6.9000000e+02   5.1025276e-02
   6.9100000e+02   2.5975683e-02
   6.9200000e+02   3.6863383e-02
   6.9300000e+02   4.0400905e-02
   6.9400000e+02   4.3602336e-02
   6.9500000e+02   4.3937603e-02
   6.9600000e+02   6.2642086e-02
   6.9700000e+02   8.9225645e-02
   6.9800000e+02   7.3069086e-02
   6.9900000e+02   6.2994159e-02
   7.0000000e+02   7.2316339e-02
   7.0100000e+02   8.1496406e-02
   7.0200000e+02   8.0068045e-02
   7.0300000e+02   6.9273506e-02
   7.0400000e+02   6.7968416e-02
   7.0500000e+02   8.6217438e-02
   7.0600000e+02   1.0969524e-01
   7.0700000e+02   1.1904839e-01
   7.0800000e+02   1.2609635e-01
   7.0900000e+02   1.4231609e-01
   7.1000000e+02   1.6307139e-01
   7.1100000e+02   1.6400610e-01
   7.1200000e+02   1.7173037e-01
   7.1300000e+02   1.9776399e-01
   7.1400000e+02   2.4285644e-01
   7.1500000e+02   2.6572772e-01
   7.1600000e+02   2.8629946e-01
   7.1700000e+02   2.9772075e-01
   7.1800000e+02   3.5619731e-01
   7.1900000e+02   4.2681254e-01
   7.2000000e+02   4.3374720e-01
   7.2100000e+02   4.7534890e-01
   7.2200000e+02   5.4260466e-01
   7.2300000e+02   6.0977546e-01
   7.2400000e+02   6.5462307e-01
   7.2500000e+02   6.9013040e-01
   7.2600000e+02   7.3444568e-01
   7.2700000e+02   7.8989809e-01
   7.2800000e+02   8.1522832e-01
   7.2900000e+02   7.9114903e-01
   7.3000000e+02   7.8134818e-01
   7.3100000e+02   7.5041867e-01
   7.3200000e+02   7.0282580e-01
   7.3300000e+02   6.4570756e-01
   7.3400000e+02   5.9123329e-01
   7.3500000e+02   5.5249632e-01
   7.3600000e+02   5.0295332e-01
   7.3700000e+02   4.7061606e-01
   7.3800000e+02   4.5796997e-01
   7.3900000e+02   4.2739339e-01
   7.4000000e+02   4.0063021e-01
   7.4100000e+02   3.8224315e-01
   7.4200000e+02   3.5869743e-01
   7.4300000e+02   3.5322089e-01
   7.4400000e+02   3.3617486e-01
   7.4500000e+02   3.1545997e-01
   7.4600000e+02   3.1444012e-01
   7.4700000e+02   3.0416745e-01
   7.4800000e+02   2.9023399e-01
   7.4900000e+02   2.7837556e-01
   7.5000000e+02   2.5633734e-01
   7.5100000e+02   2.3316976e-01
   7.5200000e+02   2.2861672e-01
   7.5300000e+02   2.0911332e-01
   7.5400000e+02   1.7264026e-01
   7.5500000e+02   1.4788438e-01
   7.5600000e+02   1.3431167e-01
   7.5700000e+02   1.2552116e-01
   7.5800000e+02   1.1659678e-01
   7.5900000e+02   1.2918651e-01
   7.6000000e+02   1.4019042e-01
   7.6100000e+02   1.2239596e-01
   7.6200000e+02   1.1655591e-01
   7.6300000e+02   1.1229687e-01
   7.6400000e+02   8.9315006e-02
   7.6500000e+02   1.0115149e-01
   7.6600000e+02   1.1661279e-01
   7.6700000e+02   1.4446304e-01
   7.6800000e+02   1.7349742e-01
   7.6900000e+02   1.8248146e-01
   7.7000000e+02   1.9024898e-01
   7.7100000e+02   1.9880814e-01
   7.7200000e+02   2.0670310e-01
   7.7300000e+02   2.3108562e-01
   7.7400000e+02   2.5566602e-01
   7.7500000e+02   2.9940520e-01
   7.7600000e+02   3.5556737e-01
   7.7700000e+02   4.0298911e-01
   7.7800000e+02   4.3354363e-01
   7.7900000e+02   4.6021980e-01
   7.8000000e+02   4.9843919e-01
   7.8100000e+02   5.4471730e-01
   7.8200000e+02   5.9219349e-01
   7.8300000e+02   6.1633027e-01
   7.8400000e+02   6.2024838e-01
   7.8500000e+02   6.0963795e-01
   7.8600000e+02   5.7004387e-01
   7.8700000e+02   5.3124313e-01
   7.8800000e+02   4.8930885e-01
   7.8900000e+02   4.3664527e-01
   7.9000000e+02   4.2067627e-01
   7.9100000e+02   4.0512027e-01
   7.9200000e+02   3.7729846e-01
   7.9300000e+02   3.5050080e-01
   7.9400000e+02   3.3056987e-01
   7.9500000e+02   3.2576127e-01
   7.9600000e+02   3.1786239e-01
   7.9700000e+02   3.0904121e-01
   7.9800000e+02   2.9216509e-01
   7.9900000e+02   2.9492952e-01
   8.0000000e+02   2.7932990e-01
   8.0100000e+02   2.6228511e-01
   8.0200000e+02   2.4631243e-01
   8.0300000e+02   2.6138929e-01
   8.0400000e+02   2.6769560e-01
   8.0500000e+02   2.4720956e-01
   8.0600000e+02   2.3344042e-01
   8.0700000e+02   2.2279795e-01
   8.0800000e+02   2.1508202e-01
   8.0900000e+02   2.0526820e-01
   8.1000000e+02   2.0389274e-01
   8.1100000e+02   2.0714330e-01
   8.1200000e+02   1.9700804e-01
   8.1300000e+02   1.8243650e-01
   8.1400000e+02   1.6094690e-01
   8.1500000e+02   1.1571270e-01
   8.1600000e+02   1.1951979e-01
   8.1700000e+02   1.3564097e-01
   8.1800000e+02   1.4949371e-01
   8.1900000e+02   1.4434625e-01
   8.2000000e+02   1.4895795e-01
   8.2100000e+02   1.7975092e-01
   8.2200000e+02   1.7715481e-01
   8.2300000e+02   1.6696270e-01
   8.2400000e+02   1.6781953e-01
   8.2500000e+02   1.6624610e-01
   8.2600000e+02   1.6307665e-01
   8.2700000e+02   1.5129817e-01
   8.2800000e+02   1.4322169e-01
   8.2900000e+02   1.3550620e-01
   8.3000000e+02   1.3767844e-01
   8.3100000e+02   1.3602473e-01
   8.3200000e+02   1.1450920e-01
   8.3300000e+02   8.7592836e-02
   8.3400000e+02   7.0419998e-02
   8.3500000e+02   6.4197545e-02
   8.3600000e+02   6.3068633e-02
   8.3700000e+02   5.4713710e-02
   8.3800000e+02   2.9712299e-02
   8.3900000e+02   2.5016143e-02
   8.4000000e+02   5.6921120e-02
   8.4100000e+02   2.6663972e-02
   8.4200000e+02   1.3811081e-03
   8.4300000e+02   2.0696250e-02
   8.4400000e+02   1.4691147e-02
   8.4500000e+02   1.6718432e-02
   8.4600000e+02   4.0594265e-02
   8.4700000e+02   4.9758332e-02
   8.4800000e+02   5.4210684e-02
   8.4900000e+02   4.7638199e-02
   8.5000000e+02   2.2711374e-02
   8.5100000e+02   1.5001652e-03
   8.5200000e+02  -4.3374369e-04
   8.5300000e+02   2.1485792e-02
   8.5400000e+02   4.2384303e-02
   8.5500000e+02   5.1718015e-02
   8.5600000e+02   2.7478786e-02
   8.5700000e+02   3.0456736e-02
   8.5800000e+02   4.3073913e-02
   8.5900000e+02   6.6156582e-02
   8.6000000e+02   6.7223751e-02
   8.6100000e+02   6.8053706e-02
   8.6200000e+02   7.6770594e-02
   8.6300000e+02   7.5771829e-02
   8.6400000e+02   7.4407302e-02
   8.6500000e+02   7.8182311e-02
   8.6600000e+02   8.2633960e-02
   8.6700000e+02   9.8141328e-02
   8.6800000e+02   1.1621277e-01
   8.6900000e+02   1.1088976e-01
   8.7000000e+02   1.2467375e-01
   8.7100000e+02   1.3742442e-01
   8.7200000e+02   1.2733834e-01
   8.7300000e+02   1.2372159e-01
   8.7400000e+02   1.3051160e-01
   8.7500000e+02   1.4502826e-01
   8.7600000e+02   1.5344033e-01
   8.7700000e+02   1.6244836e-01
   8.7800000e+02   1.6966864e-01
   8.7900000e+02   1.5429571e-01
   8.8000000e+02   1.4937377e-01
   8.8100000e+02   1.3974904e-01
   8.8200000e+02   1.2311374e-01
   8.8300000e+02   1.3163062e-01
   8.8400000e+02   1.4524213e-01
   8.8500000e+02   1.5260855e-01
   8.8600000e+02   1.3699096e-01
   8.8700000e+02   1.2757426e-01
   8.8800000e+02   1.2399379e-01
   8.8900000e+02   1.3392515e-01
   8.9000000e+02   1.2241214e-01
   8.9100000e+02   9.9912476e-02
   8.9200000e+02   8.5668842e-02
   8.9300000e+02   7.8567395e-02
   8.9400000e+02   8.2778512e-02
   8.9500000e+02   8.0002241e-02
   8.9600000e+02   8.5465797e-02
   8.9700000e+02   9.1621154e-02
   8.9800000e+02   9.6260191e-02
   8.9900000e+02   1.1135603e-01
   9.0000000e+02   1.2031803e-01
   9.0100000e+02   1.3423523e-01
   9.0200000e+02   1.5515070e-01
   9.0300000e+02   1.6989525e-01
   9.0400000e+02   1.7554598e-01
   9.0500000e+02   1.8513614e-01
   9.0600000e+02   1.9677232e-01
   9.0700000e+02   2.1413998e-01
   9.0800000e+02   2.2142063e-01
   9.0900000e+02   2.2664147e-01
   9.1000000e+02   2.2992854e-01
   9.1100000e+02   2.1819829e-01
   9.1200000e+02   2.0373158e-01
   9.1300000e+02   1.8285767e-01
   9.1400000e+02   1.6851573e-01
   9.1500000e+02   1.3940834e-01
   9.1600000e+02   1.1968902e-01
   9.1700000e+02   1.2710454e-01
   9.1800000e+02   1.1960496e-01
   9.1900000e+02   1.0871878e-01
   9.2000000e+02   9.9231892e-02
   9.2100000e+02   9.1277361e-02
   9.2200000e+02   9.3203503e-02
   9.2300000e+02   8.6513344e-02
   9.2400000e+02   6.6091634e-02
   9.2500000e+02   5.5611641e-02
   9.2600000e+02   4.9045922e-02
   9.2700000e+02   2.1359228e-02
   9.2800000e+02   2.9592168e-02
   9.2900000e+02   4.5336004e-02
   9.3000000e+02   3.2728609e-02
   9.3100000e+02   4.9752858e-02
   9.3200000e+02   6.1081180e-02
   9.3300000e+02   6.5435230e-02
   9.3400000e+02   6.7215165e-02
   9.3500000e+02   7.7099347e-02
   9.3600000e+02   9.7465308e-02
   9.3700000e+02   9.1097831e-02
   9.3800000e+02   9.2948493e-02
   9.3900000e+02   1.0061009e-01
   9.4000000e+02   9.7866266e-02
   9.4100000e+02   8.3112640e-02
   9.4200000e+02   7.2764610e-02
   9.4300000e+02   7.7404104e-02
   9.4400000e+02   9.0462128e-02
   9.4500000e+02   1.0268005e-01
   9.4600000e+02   1.0973283e-01
   9.4700000e+02   1.1162450e-01
   9.4800000e+02   1.1352437e-01
   9.4900000e+02   1.2099362e-01
   9.5000000e+02   1.2542687e-01
   9.5100000e+02   1.5404373e-01
   9.5200000e+02   2.0181620e-01
   9.5300000e+02   2.2248145e-01
   9.5400000e+02   2.3668314e-01
   9.5500000e+02   2.4356328e-01
   9.5600000e+02   2.3620941e-01
   9.5700000e+02   2.4839561e-01
   9.5800000e+02   2.6431922e-01
   9.5900000e+02   2.5277307e-01
   9.6000000e+02   2.5325106e-01
   9.6100000e+02   2.6350350e-01
   9.6200000e+02   2.8118868e-01
   9.6300000e+02   2.8035067e-01
   9.6400000e+02   2.6517660e-01
   9.6500000e+02   2.3952503e-01
   9.6600000e+02   2.2508660e-01
   9.6700000e+02   2.3527365e-01
   9.6800000e+02   2.3668388e-01
   9.6900000e+02   2.0135592e-01
   9.7000000e+02   1.7578352e-01
   9.7100000e+02   1.5869445e-01
   9.7200000e+02   1.5417604e-01
   9.7300000e+02   1.4599136e-01
   9.7400000e+02   1.3334087e-01
   9.7500000e+02   1.2953492e-01
   9.7600000e+02   1.2766983e-01
   9.7700000e+02   1.1103047e-01
   9.7800000e+02   9.6581772e-02
   9.7900000e+02   1.0295880e-01
   9.8000000e+02   1.0990218e-01
   9.8100000e+02   1.1047915e-01
   9.8200000e+02   1.0270485e-01
   9.8300000e+02   9.4489583e-02
   9.8400000e+02   9.8360958e-02
   9.8500000e+02   1.2606452e-01
   9.8600000e+02   1.1288481e-01
   9.8700000e+02   1.0021593e-01
   9.8800000e+02   9.7827103e-02
   9.8900000e+02   1.1535290e-01
   9.9000000e+02   1.1946276e-01
   9.9100000e+02   1.0668260e-01
   9.9200000e+02   1.2648644e-01
   9.9300000e+02   1.4183535e-01
   9.9400000e+02   1.5798752e-01
   9.9500000e+02   1.6071782e-01
   9.9600000e+02   1.7231504e-01
   9.9700000e+02   1.8842191e-01
   9.9800000e+02   1.9200139e-01
   9.9900000e+02   1.9971573e-01
   1.0000000e+03   2.1645343e-01
   1.0010000e+03   2.3143020e-01
   1.0020000e+03   2.3601075e-01
   1.0030000e+03   2.5142550e-01
   1.0040000e+03   2.7539270e-01
   1.0050000e+03   2.7205218e-01
   1.0060000e+03   2.7391293e-01
   1.0070000e+03   2.8936216e-01
   1.0080000e+03   2.9677681e-01
   1.0090000e+03   3.0588995e-01
   1.0100000e+03   3.0526647e-01
   1.0110000e+03   3.0606330e-01
   1.0120000e+03   2.9949057e-01
   1.0130000e+03   2.9530171e-01
   1.0140000e+03   2.9965853e-01
   1.0150000e+03   2.9680479e-01
   1.0160000e+03   2.8984990e-01
   1.0170000e+03   2.8068761e-01
   1.0180000e+03   2.8094451e-01
   1.0190000e+03   2.6537595e-01
   1.0200000e+03   2.3658674e-01
   1.0210000e+03   2.2652495e-01
   1.0220000e+03   2.2612002e-01
   1.0230000e+03   2.2616270e-01
   1.0240000e+03   2.3498280e-01
   1.0250000e+03   2.1712754e-01
   1.0260000e+03   1.9897306e-01
   1.0270000e+03   1.9202150e-01
   1.0280000e+03   2.0262252e-01
   1.0290000e+03   1.9418451e-01
   1.0300000e+03   1.8143298e-01
   1.0310000e+03   1.8504372e-01
   1.0320000e+03   1.7139339e-01
   1.0330000e+03   1.5522433e-01
   1.0340000e+03   1.5867343e-01
   1.0350000e+03   1.5653281e-01
   1.0360000e+03   1.4349364e-01
   1.0370000e+03   1.1131675e-01
   1.0380000e+03   1.0788106e-01
   1.0390000e+03   1.0063328e-01
   1.0400000e+03   9.8004390e-02
   1.0410000e+03   9.0255814e-02
   1.0420000e+03   8.9303926e-02
   1.0430000e+03   9.1459640e-02
   1.0440000e+03   9.8899285e-02
   1.0450000e+03   9.9325104e-02
   1.0460000e+03   1.0261296e-01
   1.0470000e+03   1.1085071e-01
   1.0480000e+03   1.1056134e-01
   1.0490000e+03   1.1102752e-01
   1.0500000e+03   1.1191269e-01
   1.0510000e+03   1.0688511e-01
   1.0520000e+03   1.0649204e-01
   1.0530000e+03   1.0538290e-01
   1.0540000e+03   1.1105699e-01
   1.0550000e+03   1.0167528e-01
   1.0560000e+03   9.1986966e-02
   1.0570000e+03   7.8925573e-02
   1.0580000e+03   7.3194621e-02
   1.0590000e+03   7.1608909e-02
   1.0600000e+03   6.4439158e-02
   1.0610000e+03   6.3684298e-02
   1.0620000e+03   7.0893185e-02
   1.0630000e+03   7.8875119e-02
   1.0640000e+03   7.7236607e-02
   1.0650000e+03   6.7197516e-02
   1.0660000e+03   5.8961171e-02
   1.0670000e+03   5.7983893e-02
   1.0680000e+03   6.1635086e-02
   1.0690000e+03   7.0358256e-02
   1.0700000e+03   7.8794208e-02
   1.0710000e+03   6.5421057e-02
   1.0720000e+03   4.9527071e-02
   1.0730000e+03   4.4400293e-02
   1.0740000e+03   5.0788768e-02
   1.0750000e+03   5.4812577e-02
   1.0760000e+03   5.8425566e-02
   1.0770000e+03   6.1808561e-02
   1.0780000e+03   6.3588367e-02
   1.0790000e+03   6.9428660e-02
   1.0800000e+03   7.2688135e-02
   1.0810000e+03   7.2252247e-02
   1.0820000e+03   6.4811841e-02
   1.0830000e+03   3.6721437e-02
   1.0840000e+03   4.0636827e-02
   1.0850000e+03   3.8629719e-02
   1.0860000e+03   2.1771614e-02
   1.0870000e+03   2.1629812e-02
   1.0880000e+03   3.7464759e-02
   1.0890000e+03   4.7650878e-02
   1.0900000e+03   3.5449996e-02
   1.0910000e+03   4.0995596e-02
   1.0920000e+03   4.1382216e-02
   1.0930000e+03   3.5833808e-02
   1.0940000e+03   4.9862087e-02
   1.0950000e+03   5.7688946e-02
   1.0960000e+03   5.8810947e-02
   1.0970000e+03   7.4889987e-02
   1.0980000e+03   8.8839302e-02
   1.0990000e+03   9.4277267e-02
   1.1000000e+03   8.3696664e-02
   1.1010000e+03   8.4364090e-02
   1.1020000e+03   8.8782933e-02
   1.1030000e+03   7.1624012e-02
   1.1040000e+03   7.6945134e-02
   1.1050000e+03   9.1570413e-02
   1.1060000e+03   8.9899872e-02
   1.1070000e+03   9.3261794e-02
   1.1080000e+03   9.7455501e-02
   1.1090000e+03   9.2242832e-02
   1.1100000e+03   9.7569810e-02
   1.1110000e+03   1.0184153e-01
   1.1120000e+03   1.1238612e-01
   1.1130000e+03   1.1875886e-01
   1.1140000e+03   1.2661039e-01
   1.1150000e+03   1.3531244e-01
   1.1160000e+03   1.3751321e-01
   1.1170000e+03   1.4831669e-01
   1.1180000e+03   1.5192394e-01
   1.1190000e+03   1.5542895e-01
   1.1200000e+03   1.6335167e-01
   1.1210000e+03   1.6167704e-01
   1.1220000e+03   1.5853132e-01
   1.1230000e+03   1.6565329e-01
   1.1240000e+03   1.7235624e-01
   1.1250000e+03   1.6930814e-01
   1.1260000e+03   1.4843607e-01
   1.1270000e+03   1.4687532e-01
   1.1280000e+03   1.5136715e-01
   1.1290000e+03   1.4852229e-01
   1.1300000e+03   1.4056412e-01
   1.1310000e+03   1.4531882e-01
   1.1320000e+03   1.6383700e-01
   1.1330000e+03   1.5146615e-01
   1.1340000e+03   1.5664876e-01
   1.1350000e+03   1.6731512e-01
   1.1360000e+03   1.7794267e-01
   1.1370000e+03   1.8375542e-01
   1.1380000e+03   1.9366020e-01
   1.1390000e+03   2.1318534e-01
   1.1400000e+03   2.0751968e-01
   1.1410000e+03   1.9636339e-01
   1.1420000e+03   1.9645061e-01
   1.1430000e+03   1.9120235e-01
   1.1440000e+03   1.9182827e-01
   1.1450000e+03   2.0012962e-01
   1.1460000e+03   1.8770634e-01
   1.1470000e+03   1.8634572e-01
   1.1480000e+03   1.9285445e-01
   1.1490000e+03   2.0848602e-01
   1.1500000e+03   2.0759860e-01
   1.1510000e+03   2.1855705e-01
   1.1520000e+03   2.3561477e-01
   1.1530000e+03   2.4556330e-01
   1.1540000e+03   2.6761932e-01
   1.1550000e+03   2.9358379e-01
   1.1560000e+03   3.1247896e-01
   1.1570000e+03   3.5637835e-01
   1.1580000e+03   4.0049824e-01
   1.1590000e+03   4.4477348e-01
   1.1600000e+03   4.9093512e-01
   1.1610000e+03   5.4955661e-01
   1.1620000e+03   6.1091088e-01
   1.1630000e+03   6.5137216e-01
   1.1640000e+03   6.7918871e-01
   1.1650000e+03   7.0082648e-01
   1.1660000e+03   7.4161881e-01
   1.1670000e+03   7.6028540e-01
   1.1680000e+03   7.7455346e-01
   1.1690000e+03   8.0414818e-01
   1.1700000e+03   8.1491758e-01
   1.1710000e+03   8.3245771e-01
   1.1720000e+03   8.6390475e-01
   1.1730000e+03   8.8367249e-01
   1.1740000e+03   8.9210652e-01
   1.1750000e+03   9.0474024e-01
   1.1760000e+03   9.1790258e-01
   1.1770000e+03   9.3441217e-01
   1.1780000e+03   9.5519730e-01
   1.1790000e+03   9.6504312e-01
   1.1800000e+03   9.7001558e-01
   1.1810000e+03   9.6737884e-01
   1.1820000e+03   9.5008706e-01
   1.1830000e+03   9.4629850e-01
   1.1840000e+03   9.2309340e-01
   1.1850000e+03   8.9915129e-01
   1.1860000e+03   8.9642561e-01
   1.1870000e+03   8.7445956e-01
   1.1880000e+03   8.4480333e-01
   1.1890000e+03   8.0410161e-01
   1.1900000e+03   7.9383007e-01
   1.1910000e+03   7.7112698e-01
   1.1920000e+03   7.4542068e-01
   1.1930000e+03   7.3741112e-01
   1.1940000e+03   7.5151130e-01
   1.1950000e+03   7.7046026e-01
   1.1960000e+03   7.7539448e-01
   1.1970000e+03   7.7303743e-01
   1.1980000e+03   8.0041369e-01
   1.1990000e+03   8.4594796e-01
   1.2000000e+03   8.7470466e-01
   1.2010000e+03   9.0510870e-01
   1.2020000e+03   9.2940955e-01
   1.2030000e+03   9.5836877e-01
   1.2040000e+03   9.8621083e-01
   1.2050000e+03   1.0076761e+00
   1.2060000e+03   1.0202560e+00
   1.2070000e+03   1.0061660e+00
   1.2080000e+03   9.9038246e-01
   1.2090000e+03   1.0017554e+00
   1.2100000e+03   9.8868538e-01
   1.2110000e+03   9.8066728e-01
   1.2120000e+03   9.8736240e-01
   1.2130000e+03   9.8584113e-01
   1.2140000e+03   9.9311790e-01
   1.2150000e+03   1.0002699e+00
   1.2160000e+03   9.9982041e-01
   1.2170000e+03   1.0260252e+00
   1.2180000e+03   1.0605724e+00
   1.2190000e+03   1.0990877e+00
   1.2200000e+03   1.1070766e+00
   1.2210000e+03   1.1397435e+00
   1.2220000e+03   1.1882517e+00
   1.2230000e+03   1.2411129e+00
   1.2240000e+03   1.2780690e+00
   1.2250000e+03   1.3167223e+00
   1.2260000e+03   1.3426510e+00
   1.2270000e+03   1.3816992e+00
   1.2280000e+03   1.4169789e+00
   1.2290000e+03   1.4394597e+00
   1.2300000e+03   1.4702619e+00
   1.2310000e+03   1.5177048e+00
   1.2320000e+03   1.5743051e+00
   1.2330000e+03   1.6230552e+00
   1.2340000e+03   1.6636906e+00
   1.2350000e+03   1.6963267e+00
   1.2360000e+03   1.7358688e+00
   1.2370000e+03   1.7738711e+00
   1.2380000e+03   1.8021591e+00
   1.2390000e+03   1.8094105e+00
   1.2400000e+03   1.7948991e+00
   1.2410000e+03   1.7940195e+00
   1.2420000e+03   1.7985784e+00
   1.2430000e+03   1.8296847e+00
   1.2440000e+03   1.8537253e+00
   1.2450000e+03   1.8811974e+00
   1.2460000e+03   1.9134851e+00
   1.2470000e+03   1.9346198e+00
   1.2480000e+03   1.9597636e+00
   1.2490000e+03   1.9918547e+00
   1.2500000e+03   2.0010988e+00
   1.2510000e+03   1.9795669e+00
   1.2520000e+03   1.9709503e+00
   1.2530000e+03   1.9623799e+00
   1.2540000e+03   1.9355285e+00
   1.2550000e+03   1.9019249e+00
   1.2560000e+03   1.8456916e+00
   1.2570000e+03   1.7651479e+00
   1.2580000e+03   1.6925608e+00
   1.2590000e+03   1.6255832e+00
   1.2600000e+03   1.5634864e+00
   1.2610000e+03   1.4876333e+00
   1.2620000e+03   1.4102405e+00
   1.2630000e+03   1.3770934e+00
   1.2640000e+03   1.3231067e+00
   1.2650000e+03   1.2593221e+00
   1.2660000e+03   1.2084358e+00
   1.2670000e+03   1.1671162e+00
   1.2680000e+03   1.1405197e+00
   1.2690000e+03   1.1169717e+00
   1.2700000e+03   1.0771064e+00
   1.2710000e+03   1.0489331e+00
   1.2720000e+03   1.0449634e+00
   1.2730000e+03   1.0578455e+00
   1.2740000e+03   1.0470632e+00
   1.2750000e+03   1.0494004e+00
   1.2760000e+03   1.0625928e+00
   1.2770000e+03   1.0444105e+00
   1.2780000e+03   1.0428836e+00
   1.2790000e+03   1.0604388e+00
   1.2800000e+03   1.0971612e+00
   1.2810000e+03   1.1220502e+00
   1.2820000e+03   1.1391950e+00
   1.2830000e+03   1.1640116e+00
   1.2840000e+03   1.2068878e+00
   1.2850000e+03   1.2647533e+00
   1.2860000e+03   1.3366965e+00
   1.2870000e+03   1.3958015e+00
   1.2880000e+03   1.4686355e+00
   1.2890000e+03   1.5581293e+00
   1.2900000e+03   1.6437304e+00
   1.2910000e+03   1.7557748e+00
   1.2920000e+03   1.8893147e+00
   1.2930000e+03   2.0303420e+00
   1.2940000e+03   2.1673058e+00
   1.2950000e+03   2.3389532e+00
   1.2960000e+03   2.5275487e+00
   1.2970000e+03   2.7108116e+00
   1.2980000e+03   2.9380424e+00
   1.2990000e+03   3.1645223e+00
   1.3000000e+03   3.3450357e+00
   1.3010000e+03   3.5675349e+00
   1.3020000e+03   3.7790812e+00
   1.3030000e+03   3.9590077e+00
   1.3040000e+03   4.1077479e+00
   1.3050000e+03   4.1817525e+00
   1.3060000e+03   4.2200956e+00
   1.3070000e+03   4.2282377e+00
   1.3080000e+03   4.1901942e+00
   1.3090000e+03   4.1141075e+00
   1.3100000e+03   3.9997451e+00
   1.3110000e+03   3.8546624e+00
   1.3120000e+03   3.7200942e+00
   1.3130000e+03   3.5876096e+00
   1.3140000e+03   3.4351141e+00
   1.3150000e+03   3.3364555e+00
   1.3160000e+03   3.2694651e+00
   1.3170000e+03   3.2140336e+00
   1.3180000e+03   3.2146152e+00
   1.3190000e+03   3.2534216e+00
   1.3200000e+03   3.3234913e+00
   1.3210000e+03   3.4462086e+00
   1.3220000e+03   3.6592374e+00
   1.3230000e+03   3.9082460e+00
   1.3240000e+03   4.1901964e+00
   1.3250000e+03   4.5354127e+00
   1.3260000e+03   4.9046441e+00
   1.3270000e+03   5.2882604e+00
   1.3280000e+03   5.6396164e+00
   1.3290000e+03   5.9701345e+00
   1.3300000e+03   6.2657737e+00
   1.3310000e+03   6.5222750e+00
   1.3320000e+03   6.7154077e+00
   1.3330000e+03   6.8611131e+00
   1.3340000e+03   6.9821787e+00
   1.3350000e+03   7.0039361e+00
   1.3360000e+03   6.9597798e+00
   1.3370000e+03   6.8644205e+00
   1.3380000e+03   6.8030368e+00
   1.3390000e+03   6.6599835e+00
   1.3400000e+03   6.4882768e+00
   1.3410000e+03   6.2883957e+00
   1.3420000e+03   6.0487429e+00
   1.3430000e+03   5.7886701e+00
   1.3440000e+03   5.5102305e+00
   1.3450000e+03   5.2261173e+00
   1.3460000e+03   4.9373878e+00
   1.3470000e+03   4.6554765e+00
   1.3480000e+03   4.4113896e+00
   1.3490000e+03   4.1360989e+00
   1.3500000e+03   3.8456965e+00
   1.3510000e+03   3.5884263e+00
   1.3520000e+03   3.3574788e+00
   1.3530000e+03   3.1305294e+00
   1.3540000e+03   2.9265095e+00
   1.3550000e+03   2.7531462e+00
   1.3560000e+03   2.6083432e+00
   1.3570000e+03   2.4834587e+00
   1.3580000e+03   2.4000044e+00
   1.3590000e+03   2.3512890e+00
   1.3600000e+03   2.3227262e+00
   1.3610000e+03   2.3149397e+00
   1.3620000e+03   2.3463384e+00
   1.3630000e+03   2.4040550e+00
   1.3640000e+03   2.4810714e+00
   1.3650000e+03   2.5477988e+00
   1.3660000e+03   2.6589395e+00
   1.3670000e+03   2.7857385e+00
   1.3680000e+03   2.9093891e+00
   1.3690000e+03   3.0400936e+00
   1.3700000e+03   3.1810844e+00
   1.3710000e+03   3.3146599e+00
   1.3720000e+03   3.4179111e+00
   1.3730000e+03   3.5168740e+00
   1.3740000e+03   3.5837489e+00
   1.3750000e+03   3.6157189e+00
   1.3760000e+03   3.5591766e+00
   1.3770000e+03   3.4716468e+00
   1.3780000e+03   3.3724885e+00
   1.3790000e+03   3.2370297e+00
   1.3800000e+03   3.0568612e+00
   1.3810000e+03   2.8604069e+00
   1.3820000e+03   2.6643422e+00
   1.3830000e+03   2.4733028e+00
   1.3840000e+03   2.2892216e+00
   1.3850000e+03   2.1150594e+00
   1.3860000e+03   1.9643453e+00
   1.3870000e+03   1.8296036e+00
   1.3880000e+03   1.7139950e+00
   1.3890000e+03   1.5869583e+00
   1.3900000e+03   1.4884202e+00
   1.3910000e+03   1.4078179e+00
   1.3920000e+03   1.3135288e+00
   1.3930000e+03   1.2497424e+00
   1.3940000e+03   1.1917793e+00
   1.3950000e+03   1.1311619e+00
   1.3960000e+03   1.1104663e+00
   1.3970000e+03   1.0857931e+00
   1.3980000e+03   1.0647008e+00
   1.3990000e+03   1.0384993e+00
   1.4000000e+03   1.0272979e+00
   1.4010000e+03   1.0249885e+00
   1.4020000e+03   1.0156988e+00
   1.4030000e+03   1.0334809e+00
   1.4040000e+03   1.0568433e+00
   1.4050000e+03   1.0761152e+00
   1.4060000e+03   1.0809242e+00
   1.4070000e+03   1.1166436e+00
   1.4080000e+03   1.1597336e+00
   1.4090000e+03   1.1891921e+00
   1.4100000e+03   1.2492870e+00
   1.4110000e+03   1.3069716e+00
   1.4120000e+03   1.3648796e+00
   1.4130000e+03   1.4387561e+00
   1.4140000e+03   1.5184397e+00
   1.4150000e+03   1.5891225e+00
   1.4160000e+03   1.6690420e+00
   1.4170000e+03   1.7544364e+00
   1.4180000e+03   1.8375658e+00
   1.4190000e+03   1.9147019e+00
   1.4200000e+03   1.9381515e+00
   1.4210000e+03   1.9439763e+00
   1.4220000e+03   1.9458714e+00
   1.4230000e+03   1.9193701e+00
   1.4240000e+03   1.8442582e+00
   1.4250000e+03   1.7610453e+00
   1.4260000e+03   1.6787825e+00
   1.4270000e+03   1.5760637e+00
   1.4280000e+03   1.4718410e+00
   1.4290000e+03   1.3774193e+00
   1.4300000e+03   1.2953748e+00
   1.4310000e+03   1.2088235e+00
   1.4320000e+03   1.1422562e+00
   1.4330000e+03   1.0842987e+00
   1.4340000e+03   1.0276511e+00
   1.4350000e+03   9.9150189e-01
   1.4360000e+03   9.6629121e-01
   1.4370000e+03   9.4660796e-01
   1.4380000e+03   9.3909483e-01
   1.4390000e+03   9.3033339e-01
   1.4400000e+03   9.2194525e-01
   1.4410000e+03   9.0501845e-01
   1.4420000e+03   9.0414992e-01
   1.4430000e+03   9.1593472e-01
   1.4440000e+03   9.1874000e-01
   1.4450000e+03   9.2929704e-01
   1.4460000e+03   9.4200749e-01
   1.4470000e+03   9.5095784e-01
   1.4480000e+03   9.4764595e-01
   1.4490000e+03   9.4454497e-01
   1.4500000e+03   9.5361441e-01
   1.4510000e+03   9.4945903e-01
   1.4520000e+03   9.5697996e-01
   1.4530000e+03   9.6706463e-01
   1.4540000e+03   9.6879760e-01
   1.4550000e+03   9.8455252e-01
   1.4560000e+03   1.0023724e+00
   1.4570000e+03   1.0225643e+00
   1.4580000e+03   1.0371944e+00
   1.4590000e+03   1.0756304e+00
   1.4600000e+03   1.1270995e+00
   1.4610000e+03   1.1647073e+00
   1.4620000e+03   1.2210065e+00
   1.4630000e+03   1.2993618e+00
   1.4640000e+03   1.3996919e+00
   1.4650000e+03   1.5097590e+00
   1.4660000e+03   1.6358635e+00
   1.4670000e+03   1.7735959e+00
   1.4680000e+03   1.9517452e+00
   1.4690000e+03   2.1678576e+00
   1.4700000e+03   2.4184161e+00
   1.4710000e+03   2.7075719e+00
   1.4720000e+03   3.0065382e+00
   1.4730000e+03   3.3449377e+00
   1.4740000e+03   3.7159584e+00
   1.4750000e+03   4.1074009e+00
   1.4760000e+03   4.4624216e+00
   1.4770000e+03   4.7790155e+00
   1.4780000e+03   5.0605818e+00
   1.4790000e+03   5.2735090e+00
   1.4800000e+03   5.3401016e+00
   1.4810000e+03   5.3108777e+00
   1.4820000e+03   5.2352007e+00
   1.4830000e+03   5.0406499e+00
   1.4840000e+03   4.7968414e+00
   1.4850000e+03   4.5191822e+00
   1.4860000e+03   4.2329633e+00
   1.4870000e+03   3.9507505e+00
   1.4880000e+03   3.6630367e+00
   1.4890000e+03   3.3693460e+00
   1.4900000e+03   3.1469335e+00
   1.4910000e+03   2.9361528e+00
   1.4920000e+03   2.7411852e+00
   1.4930000e+03   2.6133352e+00
   1.4940000e+03   2.5180751e+00
   1.4950000e+03   2.4362854e+00
   1.4960000e+03   2.4024051e+00
   1.4970000e+03   2.4000285e+00
   1.4980000e+03   2.4178474e+00
   1.4990000e+03   2.4653118e+00
   1.5000000e+03   2.5613888e+00
   1.5010000e+03   2.6559960e+00
   1.5020000e+03   2.7613149e+00
   1.5030000e+03   2.8746057e+00
   1.5040000e+03   2.9460657e+00
   1.5050000e+03   2.9877514e+00
   1.5060000e+03   2.9945232e+00
   1.5070000e+03   2.9363102e+00
   1.5080000e+03   2.8271314e+00
   1.5090000e+03   2.6827374e+00
   1.5100000e+03   2.5012355e+00
   1.5110000e+03   2.3088032e+00
   1.5120000e+03   2.1013722e+00
   1.5130000e+03   1.8579024e+00
   1.5140000e+03   1.6669764e+00
   1.5150000e+03   1.4897763e+00
   1.5160000e+03   1.3266048e+00
   1.5170000e+03   1.2048709e+00
   1.5180000e+03   1.0910876e+00
   1.5190000e+03   9.7686789e-01
   1.5200000e+03   8.7780263e-01
   1.5210000e+03   8.0925371e-01
   1.5220000e+03   7.2868221e-01
   1.5230000e+03   6.5333516e-01
   1.5240000e+03   6.0574615e-01
   1.5250000e+03   5.6643867e-01
   1.5260000e+03   5.3074486e-01
   1.5270000e+03   4.9350319e-01
   1.5280000e+03   4.6287518e-01
   1.5290000e+03   4.2655583e-01
   1.5300000e+03   3.9236051e-01
   1.5310000e+03   3.7374820e-01
   1.5320000e+03   3.6025450e-01
   1.5330000e+03   3.4559207e-01
   1.5340000e+03   3.3396196e-01
   1.5350000e+03   3.3959109e-01
   1.5360000e+03   3.2875976e-01
   1.5370000e+03   3.1319917e-01
   1.5380000e+03   3.0826751e-01
   1.5390000e+03   3.0353541e-01
   1.5400000e+03   3.0246896e-01
   1.5410000e+03   2.9236667e-01
   1.5420000e+03   2.8623506e-01
   1.5430000e+03   2.8686790e-01
   1.5440000e+03   2.9561324e-01
   1.5450000e+03   3.0813330e-01
   1.5460000e+03   3.2725919e-01
   1.5470000e+03   3.3900085e-01
   1.5480000e+03   3.2940880e-01
   1.5490000e+03   3.3422875e-01
   1.5500000e+03   3.4571912e-01
   1.5510000e+03   3.5934038e-01
   1.5520000e+03   3.7786327e-01
   1.5530000e+03   3.9585609e-01
   1.5540000e+03   4.0949014e-01
   1.5550000e+03   4.1162696e-01
   1.5560000e+03   4.4096962e-01
   1.5570000e+03   4.6266848e-01
   1.5580000e+03   4.9186693e-01
   1.5590000e+03   5.1741420e-01
   1.5600000e+03   5.6145028e-01
   1.5610000e+03   6.0533727e-01
   1.5620000e+03   6.3854614e-01
   1.5630000e+03   6.9912579e-01
   1.5640000e+03   7.7405374e-01
   1.5650000e+03   8.5828642e-01
   1.5660000e+03   9.5447664e-01
   1.5670000e+03   1.0689098e+00
   1.5680000e+03   1.1939879e+00
   1.5690000e+03   1.3290420e+00
   1.5700000e+03   1.5388198e+00
   1.5710000e+03   1.7539990e+00
   1.5720000e+03   1.9901138e+00
   1.5730000e+03   2.2530485e+00
   1.5740000e+03   2.5371568e+00
   1.5750000e+03   2.8058112e+00
   1.5760000e+03   3.0442895e+00
   1.5770000e+03   3.1997722e+00
   1.5780000e+03   3.3199078e+00
   1.5790000e+03   3.4054561e+00
   1.5800000e+03   3.3723435e+00
   1.5810000e+03   3.2215938e+00
   1.5820000e+03   3.0225381e+00
   1.5830000e+03   2.7987824e+00
   1.5840000e+03   2.5443670e+00
   1.5850000e+03   2.2847077e+00
   1.5860000e+03   2.0486140e+00
   1.5870000e+03   1.8741130e+00
   1.5880000e+03   1.7425672e+00
   1.5890000e+03   1.6133378e+00
   1.5900000e+03   1.4871452e+00
   1.5910000e+03   1.4108296e+00
   1.5920000e+03   1.3810837e+00
   1.5930000e+03   1.3638843e+00
   1.5940000e+03   1.3476892e+00
   1.5950000e+03   1.3472315e+00
   1.5960000e+03   1.3595693e+00
   1.5970000e+03   1.3714073e+00
   1.5980000e+03   1.3828954e+00
   1.5990000e+03   1.3935652e+00
   1.6000000e+03   1.3843787e+00
   1.6010000e+03   1.3649095e+00
   1.6020000e+03   1.3559350e+00
   1.6030000e+03   1.3259868e+00
   1.6040000e+03   1.2773695e+00
   1.6050000e+03   1.2023418e+00
   1.6060000e+03   1.1401178e+00
   1.6070000e+03   1.0693605e+00
   1.6080000e+03   1.0073026e+00
   1.6090000e+03   9.3149734e-01
   1.6100000e+03   8.5218108e-01
   1.6110000e+03   7.8616081e-01
   1.6120000e+03   7.2145896e-01
   1.6130000e+03   6.7868354e-01
   1.6140000e+03   6.3385758e-01
   1.6150000e+03   5.8627616e-01
   1.6160000e+03   5.6725352e-01
   1.6170000e+03   5.3674702e-01
   1.6180000e+03   5.0597447e-01
   1.6190000e+03   4.8424800e-01
   1.6200000e+03   4.6850024e-01
   1.6210000e+03   4.6597605e-01
   1.6220000e+03   4.4792340e-01
   1.6230000e+03   4.6473780e-01
   1.6240000e+03   4.8500230e-01
   1.6250000e+03   4.9846770e-01
   1.6260000e+03   5.1816046e-01
   1.6270000e+03   5.2212559e-01
   1.6280000e+03   5.3157357e-01
   1.6290000e+03   5.6223033e-01
   1.6300000e+03   5.6186545e-01
   1.6310000e+03   5.8649953e-01
   1.6320000e+03   6.3661562e-01
   1.6330000e+03   6.8553445e-01
   1.6340000e+03   7.3035542e-01
   1.6350000e+03   7.8148711e-01
   1.6360000e+03   8.4350017e-01
   1.6370000e+03   9.2792767e-01
   1.6380000e+03   1.0050694e+00
   1.6390000e+03   1.0754331e+00
   1.6400000e+03   1.1868639e+00
   1.6410000e+03   1.3038341e+00
   1.6420000e+03   1.3940329e+00
   1.6430000e+03   1.4911351e+00
   1.6440000e+03   1.6180121e+00
   1.6450000e+03   1.7349387e+00
   1.6460000e+03   1.8419731e+00
   1.6470000e+03   1.9303014e+00
   1.6480000e+03   2.0017977e+00
   1.6490000e+03   2.0575498e+00
   1.6500000e+03   2.1058268e+00
   1.6510000e+03   2.1212177e+00
   1.6520000e+03   2.0854782e+00
   1.6530000e+03   2.0327006e+00
   1.6540000e+03   1.9820219e+00
   1.6550000e+03   1.9290125e+00
   1.6560000e+03   1.8714171e+00
   1.6570000e+03   1.8324765e+00
   1.6580000e+03   1.7710779e+00
   1.6590000e+03   1.6874558e+00
   1.6600000e+03   1.6233683e+00
   1.6610000e+03   1.5539508e+00
   1.6620000e+03   1.5229767e+00
   1.6630000e+03   1.4859772e+00
   1.6640000e+03   1.4456774e+00
   1.6650000e+03   1.4035733e+00
   1.6660000e+03   1.3638427e+00
   1.6670000e+03   1.3229347e+00
   1.6680000e+03   1.2981631e+00
   1.6690000e+03   1.2717814e+00
   1.6700000e+03   1.2311721e+00
   1.6710000e+03   1.1927007e+00
   1.6720000e+03   1.1514999e+00
   1.6730000e+03   1.1246623e+00
   1.6740000e+03   1.0964217e+00
   1.6750000e+03   1.0689246e+00
   1.6760000e+03   1.0379934e+00
   1.6770000e+03   1.0057556e+00
   1.6780000e+03   9.6978661e-01
   1.6790000e+03   9.4480161e-01
   1.6800000e+03   9.1351897e-01
   1.6810000e+03   9.0186100e-01
   1.6820000e+03   8.9770507e-01
   1.6830000e+03   8.7655752e-01
   1.6840000e+03   8.5987888e-01
   1.6850000e+03   8.5346969e-01
   1.6860000e+03   8.4335025e-01
   1.6870000e+03   8.0602333e-01
   1.6880000e+03   7.8166755e-01
   1.6890000e+03   7.5835762e-01
   1.6900000e+03   7.3324035e-01
   1.6910000e+03   7.0993692e-01
   1.6920000e+03   6.8208088e-01
   1.6930000e+03   6.5908939e-01
   1.6940000e+03   6.2435218e-01
   1.6950000e+03   6.0672153e-01
   1.6960000e+03   5.9211657e-01
   1.6970000e+03   5.5938151e-01
   1.6980000e+03   5.5065620e-01
   1.6990000e+03   5.3785685e-01
   1.7000000e+03   5.2089463e-01
   1.7010000e+03   4.8790735e-01
   1.7020000e+03   4.8349558e-01
   1.7030000e+03   4.8090001e-01
   1.7040000e+03   4.5184782e-01
   1.7050000e+03   4.2307563e-01
   1.7060000e+03   4.0732988e-01
   1.7070000e+03   3.9886115e-01
   1.7080000e+03   3.8463671e-01
   1.7090000e+03   3.5955422e-01
   1.7100000e+03   3.3323510e-01
   1.7110000e+03   3.1261676e-01
   1.7120000e+03   3.2684120e-01
   1.7130000e+03   3.1383974e-01
   1.7140000e+03   2.9408085e-01
   1.7150000e+03   2.9134411e-01
   1.7160000e+03   2.6858282e-01
   1.7170000e+03   2.4445164e-01
   1.7180000e+03   2.2154429e-01
   1.7190000e+03   2.0983076e-01
   1.7200000e+03   1.9195617e-01
   1.7210000e+03   1.8058654e-01
   1.7220000e+03   1.7212402e-01
   1.7230000e+03   1.6649082e-01
   1.7240000e+03   1.5366220e-01
   1.7250000e+03   1.3452725e-01
   1.7260000e+03   1.1094028e-01
   1.7270000e+03   1.0743108e-01
   1.7280000e+03   1.0149599e-01
   1.7290000e+03   8.6004278e-02
   1.7300000e+03   8.8504078e-02
   1.7310000e+03   8.5003943e-02
   1.7320000e+03   7.9838013e-02
   1.7330000e+03   5.8602896e-02
   1.7340000e+03   5.6535909e-02
   1.7350000e+03   5.6998533e-02
   1.7360000e+03   5.8707054e-02
   1.7370000e+03   6.0115595e-02
   1.7380000e+03   5.9143241e-02
   1.7390000e+03   5.8092570e-02
   1.7400000e+03   5.8704166e-02
   1.7410000e+03   4.7257328e-02
   1.7420000e+03   3.3384118e-02
   1.7430000e+03   2.4915082e-02
   1.7440000e+03   3.5529508e-02
   1.7450000e+03   4.5447062e-02
   1.7460000e+03   4.7869596e-02
   1.7470000e+03   4.5346205e-02
   1.7480000e+03   3.6658173e-02
   1.7490000e+03   4.4261040e-02
   1.7500000e+03   4.6430201e-02
   1.7510000e+03   3.3578188e-02
   1.7520000e+03   4.0591980e-02
   1.7530000e+03   3.9466601e-02
   1.7540000e+03   3.2567234e-02
   1.7550000e+03   2.4868286e-02
   1.7560000e+03   2.5979560e-02
   1.7570000e+03   3.8050349e-02
   1.7580000e+03   4.8643314e-02
   1.7590000e+03   4.0681966e-02
   1.7600000e+03   3.6384422e-02
   1.7610000e+03   4.1084631e-02
   1.7620000e+03   4.7549144e-02
   1.7630000e+03   4.8964631e-02
   1.7640000e+03   4.7681970e-02
   1.7650000e+03   4.2016250e-02
   1.7660000e+03   3.4750216e-02
   1.7670000e+03   3.0727424e-02
   1.7680000e+03   2.7657520e-02
   1.7690000e+03   1.7008711e-02
   1.7700000e+03   2.3046711e-02
   1.7710000e+03   3.5952215e-02
   1.7720000e+03   3.6675891e-02
   1.7730000e+03   4.0378537e-02
   1.7740000e+03   4.3759577e-02
   1.7750000e+03   4.6220793e-02
   1.7760000e+03   4.9937193e-02
   1.7770000e+03   4.5138391e-02
   1.7780000e+03   3.7079920e-02
   1.7790000e+03   4.5482417e-02
   1.7800000e+03   5.7016494e-02
   1.7810000e+03   4.0379038e-02
   1.7820000e+03   3.4287478e-02
   1.7830000e+03   4.2750077e-02
   1.7840000e+03   3.4881152e-02
   1.7850000e+03   4.2655574e-02
   1.7860000e+03   4.8637918e-02
   1.7870000e+03   4.2965583e-02
   1.7880000e+03   4.7056000e-02
   1.7890000e+03   5.3192620e-02
   1.7900000e+03   5.4132356e-02
   1.7910000e+03   4.2120193e-02
   1.7920000e+03   3.5837596e-02
   1.7930000e+03   4.1697271e-02
   1.7940000e+03   5.2753892e-02
   1.7950000e+03   4.7600135e-02
   1.7960000e+03   4.5743580e-02
   1.7970000e+03   4.4644360e-02
   1.7980000e+03   4.0977521e-02
   1.7990000e+03   3.6118565e-02
