   5.0100000e+02   6.3313580e-02
   5.0200000e+02   5.2047360e-02
   5.0300000e+02   4.6645221e-02
   5.0400000e+02   4.0895576e-02
   5.0500000e+02   3.9931472e-02
   5.0600000e+02   4.2207034e-02
   5.0700000e+02   4.6554628e-02
   5.0800000e+02   4.8354734e-02
   5.0900000e+02   2.6683001e-02
   5.1000000e+02   1.3487515e-02
   5.1100000e+02   1.6337435e-02
   5.1200000e+02   7.0117488e-03
   5.1300000e+02   1.6915219e-02
   5.1400000e+02   3.6948858e-02
   5.1500000e+02   3.4448033e-02
   5.1600000e+02   3.5863369e-02
   5.1700000e+02   2.9742138e-02
   5.1800000e+02   3.2092445e-02
   5.1900000e+02   2.8481821e-02
   5.2000000e+02   2.0934254e-02
   5.2100000e+02   1.0208497e-02
   5.2200000e+02   4.2835990e-04
   5.2300000e+02   2.8090930e-03
   5.2400000e+02  -1.5262034e-03
   5.2500000e+02   2.6460943e-03
   5.2600000e+02   8.1284208e-03
   5.2700000e+02   1.6814643e-02
   5.2800000e+02   2.9273536e-02
   5.2900000e+02   3.0299798e-02
   5.3000000e+02   4.4278241e-02
   5.3100000e+02   6.1568417e-02
   5.3200000e+02   6.3153047e-02
   5.3300000e+02   6.4518493e-02
   5.3400000e+02   8.3788681e-02
   5.3500000e+02   8.4010882e-02
   5.3600000e+02   8.6802212e-02
   5.3700000e+02   8.5930835e-02
   5.3800000e+02   7.8474962e-02
   5.3900000e+02   7.8120780e-02
   5.4000000e+02   6.9596737e-02
   5.4100000e+02   5.2900445e-02
   5.4200000e+02   5.1683922e-02
   5.4300000e+02   4.3798456e-02
   5.4400000e+02   3.6824278e-02
   5.4500000e+02   3.9021982e-02
   5.4600000e+02   3.0041725e-02
   5.4700000e+02   2.7190833e-02
   5.4800000e+02   3.1550343e-02
   5.4900000e+02   2.8840083e-02
   5.5000000e+02   3.1909612e-02
   5.5100000e+02   5.0554557e-02
   5.5200000e+02   7.2257592e-02
   5.5300000e+02   8.4866977e-02
   5.5400000e+02   8.7877601e-02
   5.5500000e+02   9.0725997e-02
   5.5600000e+02   8.8828528e-02
   5.5700000e+02   8.3044827e-02
   5.5800000e+02   7.9084537e-02
   5.5900000e+02   6.1698066e-02
   5.6000000e+02   5.1944461e-02
   5.6100000e+02   5.4396292e-02
   5.6200000e+02   4.7103355e-02
   5.6300000e+02   3.1005755e-02
   5.6400000e+02   1.8308470e-02
   5.6500000e+02   1.3575658e-02
   5.6600000e+02   2.3989794e-02
   5.6700000e+02   4.2938747e-02
   5.6800000e+02   4.0800229e-02
   5.6900000e+02   2.9588803e-02
   5.7000000e+02   3.1404878e-02
   5.7100000e+02   3.3321325e-02
   5.7200000e+02   2.3951675e-02
   5.7300000e+02   1.9249300e-02
   5.7400000e+02   1.3147799e-02
   5.7500000e+02   1.5598804e-02
   5.7600000e+02   2.2198681e-02
   5.7700000e+02   1.5991411e-02
   5.7800000e+02   7.9220260e-03
   5.7900000e+02   1.1642698e-02
   5.8000000e+02   1.7048740e-02
   5.8100000e+02   1.6901740e-02
   5.8200000e+02   5.9243201e-04
   5.8300000e+02   5.0884060e-03
   5.8400000e+02   6.8900195e-03
   5.8500000e+02   1.2977015e-02
   5.8600000e+02   1.3568949e-02
   5.8700000e+02   1.3668066e-02
   5.8800000e+02   1.4048134e-02
   5.8900000e+02   1.5833698e-02
   5.9000000e+02   2.4649810e-02
   5.9100000e+02   8.5884812e-03
   5.9200000e+02   5.6574079e-03
   5.9300000e+02   2.2301270e-02
   5.9400000e+02   4.1216824e-02
   5.9500000e+02   5.6276689e-02
   5.9600000e+02   6.6207399e-02
   5.9700000e+02   6.4708174e-02
   5.9800000e+02   5.6434670e-02
   5.9900000e+02   6.2857356e-02
   6.0000000e+02   7.0211640e-02
   6.0100000e+02   6.1610324e-02
   6.0200000e+02   5.0190122e-02
   6.0300000e+02   5.0030885e-02
   6.0400000e+02   4.3027254e-02
   6.0500000e+02   3.9203439e-02
   6.0600000e+02   4.3040881e-02
   6.0700000e+02   4.7877154e-02
   6.0800000e+02   5.3593975e-02
   6.0900000e+02   4.8863150e-02
   6.1000000e+02   5.8395057e-02
   6.1100000e+02   6.2915728e-02
   6.1200000e+02   4.6628509e-02
   6.1300000e+02   6.4105606e-02
   6.1400000e+02   8.0099716e-02
   6.1500000e+02   9.3607201e-02
   6.1600000e+02   9.3567264e-02
   6.1700000e+02   7.9971862e-02
   6.1800000e+02   8.1001505e-02
   6.1900000e+02   8.6561534e-02
   6.2000000e+02   8.3430570e-02
   6.2100000e+02   1.0178192e-01
   6.2200000e+02   1.0228145e-01
   6.2300000e+02   9.0343432e-02
   6.2400000e+02   7.7686813e-02
   6.2500000e+02   7.5499800e-02
   6.2600000e+02   8.7914198e-02
   6.2700000e+02   7.9036016e-02
   6.2800000e+02   7.5758616e-02
   6.2900000e+02   8.4704429e-02
   6.3000000e+02   7.5920413e-02
   6.3100000e+02   7.1688070e-02
   6.3200000e+02   6.5259794e-02
   6.3300000e+02   5.9865691e-02
   6.3400000e+02   6.5231547e-02
   6.3500000e+02   6.9981199e-02
   6.3600000e+02   7.4615308e-02
   6.3700000e+02   6.5588729e-02
   6.3800000e+02   5.9471039e-02
   6.3900000e+02   6.0428350e-02
   6.4000000e+02   6.6087343e-02
   6.4100000e+02   6.9793421e-02
   6.4200000e+02   7.0780584e-02
   6.4300000e+02   7.1721936e-02
   6.4400000e+02   6.3104375e-02
   6.4500000e+02   6.5282005e-02
   6.4600000e+02   7.1253428e-02
   6.4700000e+02   7.2839858e-02
   6.4800000e+02   6.6088668e-02
   6.4900000e+02   6.5929176e-02
   6.5000000e+02   6.6688779e-02
   6.5100000e+02   6.3838702e-02
   6.5200000e+02   5.7246484e-02
   6.5300000e+02   7.0096366e-02
   6.5400000e+02   7.9581148e-02
   6.5500000e+02   8.0913965e-02
   6.5600000e+02   8.1393181e-02
   6.5700000e+02   9.0276208e-02
   6.5800000e+02   1.0039383e-01
   6.5900000e+02   1.0445608e-01
   6.6000000e+02   1.0047065e-01
   6.6100000e+02   1.1581687e-01
   6.6200000e+02   1.2719454e-01
   6.6300000e+02   1.4168517e-01
   6.6400000e+02   1.5463810e-01
   6.6500000e+02   1.6398253e-01
   6.6600000e+02   1.7090307e-01
   6.6700000e+02   1.7858446e-01
   6.6800000e+02   1.7442740e-01
   6.6900000e+02   1.6791884e-01
   6.7000000e+02   1.6008969e-01
   6.7100000e+02   1.3627536e-01
   6.7200000e+02   1.1398753e-01
   6.7300000e+02   1.0250514e-01
   6.7400000e+02   9.0029558e-02
   6.7500000e+02   6.6943083e-02
   6.7600000e+02   4.1387070e-02
   6.7700000e+02   3.5849868e-02
   6.7800000e+02   2.8254919e-02
   6.7900000e+02   2.4097494e-02
   6.8000000e+02   1.7544295e-02
   6.8100000e+02   4.1449372e-03
   6.8200000e+02   3.2111156e-03
   6.8300000e+02   1.3490735e-02
   6.8400000e+02   2.0409330e-02
   6.8500000e+02   1.9886280e-02
   6.8600000e+02   1.6891592e-02
   6.8700000e+02   2.3112931e-02
   6.8800000e+02   2.5164555e-02
   6.8900000e+02   1.9907275e-02
   6.9000000e+02   1.8125431e-02
   6.9100000e+02   1.1686494e-02
   6.9200000e+02   3.5524956e-03
   6.9300000e+02   3.4124970e-03
   6.9400000e+02   5.4980264e-03
   6.9500000e+02   1.0592162e-02
   6.9600000e+02   1.5877563e-02
   6.9700000e+02   9.4009845e-03
   6.9800000e+02   8.2610789e-03
   6.9900000e+02   1.1066030e-02
   7.0000000e+02   5.6244664e-03
   7.0100000e+02   1.0558782e-02
   7.0200000e+02   1.7249661e-02
   7.0300000e+02   1.7301614e-02
   7.0400000e+02   2.1562306e-02
   7.0500000e+02   2.6582602e-02
   7.0600000e+02   3.3587978e-02
   7.0700000e+02   3.9892941e-02
   7.0800000e+02   3.6704926e-02
   7.0900000e+02   2.8877480e-02
   7.1000000e+02   3.7753312e-02
   7.1100000e+02   5.2557445e-02
   7.1200000e+02   5.4849318e-02
   7.1300000e+02   5.5657415e-02
   7.1400000e+02   6.5917434e-02
   7.1500000e+02   8.2972115e-02
   7.1600000e+02   1.0807286e-01
   7.1700000e+02   1.2956676e-01
   7.1800000e+02   1.4596180e-01
   7.1900000e+02   1.5510022e-01
   7.2000000e+02   1.7955939e-01
   7.2100000e+02   2.1480004e-01
   7.2200000e+02   2.3408349e-01
   7.2300000e+02   2.6258475e-01
   7.2400000e+02   3.1102107e-01
   7.2500000e+02   3.5686125e-01
   7.2600000e+02   4.0367520e-01
   7.2700000e+02   4.2686335e-01
   7.2800000e+02   4.3880112e-01
   7.2900000e+02   4.4780561e-01
   7.3000000e+02   4.4940115e-01
   7.3100000e+02   4.4270183e-01
   7.3200000e+02   4.1280217e-01
   7.3300000e+02   3.6274819e-01
   7.3400000e+02   3.1251538e-01
   7.3500000e+02   2.6413728e-01
   7.3600000e+02   2.3101947e-01
   7.3700000e+02   1.9655383e-01
   7.3800000e+02   1.6928038e-01
   7.3900000e+02   1.5771301e-01
   7.4000000e+02   1.5341535e-01
   7.4100000e+02   1.5482721e-01
   7.4200000e+02   1.5037573e-01
   7.4300000e+02   1.5182800e-01
   7.4400000e+02   1.6144083e-01
   7.4500000e+02   1.6724161e-01
   7.4600000e+02   1.7160954e-01
   7.4700000e+02   1.8943383e-01
   7.4800000e+02   1.9944741e-01
   7.4900000e+02   2.0432080e-01
   7.5000000e+02   2.1448356e-01
   7.5100000e+02   2.0823292e-01
   7.5200000e+02   1.9420098e-01
   7.5300000e+02   1.8356960e-01
   7.5400000e+02   1.7724703e-01
   7.5500000e+02   1.7651887e-01
   7.5600000e+02   1.6966393e-01
   7.5700000e+02   1.6347205e-01
   7.5800000e+02   1.4313108e-01
   7.5900000e+02   1.2488795e-01
   7.6000000e+02   1.1805057e-01
   7.6100000e+02   1.0733700e-01
   7.6200000e+02   1.0414896e-01
   7.6300000e+02   9.4736147e-02
   7.6400000e+02   9.5051302e-02
   7.6500000e+02   1.0503540e-01
   7.6600000e+02   1.0830682e-01
   7.6700000e+02   1.0746881e-01
   7.6800000e+02   1.1358619e-01
   7.6900000e+02   1.2783522e-01
   7.7000000e+02   1.4184768e-01
   7.7100000e+02   1.4463793e-01
   7.7200000e+02   1.6014610e-01
   7.7300000e+02   1.7073502e-01
   7.7400000e+02   1.7489094e-01
   7.7500000e+02   1.8350636e-01
   7.7600000e+02   2.0968956e-01
   7.7700000e+02   2.2477356e-01
   7.7800000e+02   2.2952595e-01
   7.7900000e+02   2.5088944e-01
   7.8000000e+02   2.7680686e-01
   7.8100000e+02   3.0424498e-01
   7.8200000e+02   3.2042126e-01
   7.8300000e+02   3.3891286e-01
   7.8400000e+02   3.5572933e-01
   7.8500000e+02   3.5454191e-01
   7.8600000e+02   3.4270375e-01
   7.8700000e+02   3.1380758e-01
   7.8800000e+02   3.0051613e-01
   7.8900000e+02   3.0688720e-01
   7.9000000e+02   2.9735691e-01
   7.9100000e+02   2.8881941e-01
   7.9200000e+02   2.6664092e-01
   7.9300000e+02   2.4765618e-01
   7.9400000e+02   2.3850819e-01
   7.9500000e+02   2.2019913e-01
   7.9600000e+02   2.1374394e-01
   7.9700000e+02   2.2000271e-01
   7.9800000e+02   2.1660320e-01
   7.9900000e+02   1.9673864e-01
   8.0000000e+02   1.7855159e-01
   8.0100000e+02   1.6863678e-01
   8.0200000e+02   1.7443689e-01
   8.0300000e+02   1.8664191e-01
   8.0400000e+02   1.7868334e-01
   8.0500000e+02   1.5528575e-01
   8.0600000e+02   1.4644495e-01
   8.0700000e+02   1.4072875e-01
   8.0800000e+02   1.3835874e-01
   8.0900000e+02   1.2519118e-01
   8.1000000e+02   1.0274349e-01
   8.1100000e+02   8.0325621e-02
   8.1200000e+02   6.3776414e-02
   8.1300000e+02   5.6134863e-02
   8.1400000e+02   5.7325547e-02
   8.1500000e+02   5.8288567e-02
   8.1600000e+02   6.5211102e-02
   8.1700000e+02   5.9848109e-02
   8.1800000e+02   4.9986594e-02
   8.1900000e+02   5.2809378e-02
   8.2000000e+02   6.8535778e-02
   8.2100000e+02   8.2525716e-02
   8.2200000e+02   9.3868009e-02
   8.2300000e+02   1.0031009e-01
   8.2400000e+02   9.1310503e-02
   8.2500000e+02   8.4263736e-02
   8.2600000e+02   9.4097958e-02
   8.2700000e+02   9.3135501e-02
   8.2800000e+02   8.1175497e-02
   8.2900000e+02   8.3717938e-02
   8.3000000e+02   8.1114004e-02
   8.3100000e+02   5.7940588e-02
   8.3200000e+02   2.7528820e-02
   8.3300000e+02   1.2037275e-02
   8.3400000e+02   1.3985748e-02
   8.3500000e+02   1.6547248e-02
   8.3600000e+02   5.9247640e-03
   8.3700000e+02   1.2896054e-04
   8.3800000e+02   8.2292918e-03
   8.3900000e+02   1.6793901e-02
   8.4000000e+02   1.3855753e-02
   8.4100000e+02   9.3582927e-03
   8.4200000e+02   1.7493148e-02
   8.4300000e+02   2.0040264e-02
   8.4400000e+02   1.9069954e-02
   8.4500000e+02   1.0061346e-02
   8.4600000e+02   1.7036710e-02
   8.4700000e+02   1.8670183e-02
   8.4800000e+02   1.4898856e-02
   8.4900000e+02   1.8895617e-02
   8.5000000e+02   1.3257065e-02
   8.5100000e+02   1.6373470e-02
   8.5200000e+02   1.0725086e-02
   8.5300000e+02   8.3469378e-03
   8.5400000e+02   1.4370303e-02
   8.5500000e+02   2.4253645e-02
   8.5600000e+02   3.5873068e-02
   8.5700000e+02   3.4798243e-02
   8.5800000e+02   3.5256632e-02
   8.5900000e+02   3.5973857e-02
   8.6000000e+02   3.0858455e-02
   8.6100000e+02   3.3165406e-02
   8.6200000e+02   2.5262131e-02
   8.6300000e+02   2.3891361e-02
   8.6400000e+02   3.1425111e-02
   8.6500000e+02   3.7145067e-02
   8.6600000e+02   3.6656861e-02
   8.6700000e+02   3.7762012e-02
   8.6800000e+02   4.4447752e-02
   8.6900000e+02   4.6182753e-02
   8.7000000e+02   4.4287470e-02
   8.7100000e+02   4.7323767e-02
   8.7200000e+02   4.4174057e-02
   8.7300000e+02   4.0773164e-02
   8.7400000e+02   4.7096774e-02
   8.7500000e+02   4.3048029e-02
   8.7600000e+02   3.3825102e-02
   8.7700000e+02   3.1664807e-02
   8.7800000e+02   3.3979159e-02
   8.7900000e+02   4.2501090e-02
   8.8000000e+02   4.5454347e-02
   8.8100000e+02   4.5398210e-02
   8.8200000e+02   4.5277582e-02
   8.8300000e+02   4.8452066e-02
   8.8400000e+02   5.0328371e-02
   8.8500000e+02   5.6882357e-02
   8.8600000e+02   5.5751891e-02
   8.8700000e+02   4.6029791e-02
   8.8800000e+02   5.3060127e-02
   8.8900000e+02   6.3094416e-02
   8.9000000e+02   5.9159497e-02
   8.9100000e+02   6.0508724e-02
   8.9200000e+02   6.5155534e-02
   8.9300000e+02   6.3330595e-02
   8.9400000e+02   6.0758038e-02
   8.9500000e+02   6.4756537e-02
   8.9600000e+02   6.2927151e-02
   8.9700000e+02   6.2171655e-02
   8.9800000e+02   7.0508182e-02
   8.9900000e+02   7.0375339e-02
   9.0000000e+02   6.0540857e-02
   9.0100000e+02   5.5496402e-02
   9.0200000e+02   5.3029976e-02
   9.0300000e+02   5.0980584e-02
   9.0400000e+02   5.4071932e-02
   9.0500000e+02   5.7834830e-02
   9.0600000e+02   5.3471662e-02
   9.0700000e+02   4.7278386e-02
   9.0800000e+02   6.0285186e-02
   9.0900000e+02   7.4437917e-02
   9.1000000e+02   8.0373179e-02
   9.1100000e+02   9.2104894e-02
   9.1200000e+02   9.6275739e-02
   9.1300000e+02   9.9916447e-02
   9.1400000e+02   1.0594741e-01
   9.1500000e+02   1.1646054e-01
   9.1600000e+02   1.1075718e-01
   9.1700000e+02   1.1603876e-01
   9.1800000e+02   1.1063443e-01
   9.1900000e+02   9.6779192e-02
   9.2000000e+02   9.3843803e-02
   9.2100000e+02   9.1803465e-02
   9.2200000e+02   8.0826192e-02
   9.2300000e+02   6.5826403e-02
   9.2400000e+02   4.9691234e-02
   9.2500000e+02   3.8761293e-02
   9.2600000e+02   4.0717092e-02
   9.2700000e+02   4.4226702e-02
   9.2800000e+02   4.4112412e-02
   9.2900000e+02   4.3451481e-02
   9.3000000e+02   4.1647666e-02
   9.3100000e+02   3.5138967e-02
   9.3200000e+02   3.9938496e-02
   9.3300000e+02   4.7577490e-02
   9.3400000e+02   4.9419259e-02
   9.3500000e+02   4.3335733e-02
   9.3600000e+02   4.2537164e-02
   9.3700000e+02   4.5941986e-02
   9.3800000e+02   4.9613616e-02
   9.3900000e+02   5.0336311e-02
   9.4000000e+02   4.2288889e-02
   9.4100000e+02   3.6983086e-02
   9.4200000e+02   4.3134932e-02
   9.4300000e+02   4.9924734e-02
   9.4400000e+02   5.1321169e-02
   9.4500000e+02   4.4019820e-02
   9.4600000e+02   4.2828626e-02
   9.4700000e+02   4.0610938e-02
   9.4800000e+02   4.1454028e-02
   9.4900000e+02   4.4831746e-02
   9.5000000e+02   5.1115843e-02
   9.5100000e+02   5.4392574e-02
   9.5200000e+02   5.2412580e-02
   9.5300000e+02   6.1680193e-02
   9.5400000e+02   7.2046219e-02
   9.5500000e+02   8.3591590e-02
   9.5600000e+02   1.0005786e-01
   9.5700000e+02   1.1484659e-01
   9.5800000e+02   1.2632257e-01
   9.5900000e+02   1.3276041e-01
   9.6000000e+02   1.4625465e-01
   9.6100000e+02   1.6736062e-01
   9.6200000e+02   1.7347810e-01
   9.6300000e+02   1.7641396e-01
   9.6400000e+02   1.7706429e-01
   9.6500000e+02   1.7496905e-01
   9.6600000e+02   1.6739695e-01
   9.6700000e+02   1.4926418e-01
   9.6800000e+02   1.3533453e-01
   9.6900000e+02   1.1966843e-01
   9.7000000e+02   1.0491562e-01
   9.7100000e+02   9.9047616e-02
   9.7200000e+02   8.9496964e-02
   9.7300000e+02   8.2151612e-02
   9.7400000e+02   6.8803091e-02
   9.7500000e+02   6.0402859e-02
   9.7600000e+02   5.3523534e-02
   9.7700000e+02   5.2835393e-02
   9.7800000e+02   4.6529940e-02
   9.7900000e+02   4.2614597e-02
   9.8000000e+02   3.9824171e-02
   9.8100000e+02   4.0674492e-02
   9.8200000e+02   3.5332463e-02
   9.8300000e+02   3.2385931e-02
   9.8400000e+02   3.3632973e-02
   9.8500000e+02   2.7206562e-02
   9.8600000e+02   2.3746776e-02
   9.8700000e+02   2.3226804e-02
   9.8800000e+02   2.5436241e-02
   9.8900000e+02   3.0756281e-02
   9.9000000e+02   3.2029468e-02
   9.9100000e+02   3.5572706e-02
   9.9200000e+02   3.5771950e-02
   9.9300000e+02   3.2978870e-02
   9.9400000e+02   3.7889885e-02
   9.9500000e+02   4.7681235e-02
   9.9600000e+02   5.4941010e-02
   9.9700000e+02   6.1240576e-02
   9.9800000e+02   5.9507479e-02
   9.9900000e+02   6.7192232e-02
   1.0000000e+03   7.6181839e-02
   1.0010000e+03   8.6230886e-02
   1.0020000e+03   8.9165654e-02
   1.0030000e+03   9.7327961e-02
   1.0040000e+03   1.0306651e-01
   1.0050000e+03   1.1855473e-01
   1.0060000e+03   1.3253085e-01
   1.0070000e+03   1.3581528e-01
   1.0080000e+03   1.4100142e-01
   1.0090000e+03   1.4993828e-01
   1.0100000e+03   1.6280167e-01
   1.0110000e+03   1.7064426e-01
   1.0120000e+03   1.7656761e-01
   1.0130000e+03   1.8675543e-01
   1.0140000e+03   1.9147492e-01
   1.0150000e+03   1.9164277e-01
   1.0160000e+03   1.9128434e-01
   1.0170000e+03   1.9652549e-01
   1.0180000e+03   2.0464034e-01
   1.0190000e+03   2.0392963e-01
   1.0200000e+03   1.9588936e-01
   1.0210000e+03   1.9255255e-01
   1.0220000e+03   1.9118630e-01
   1.0230000e+03   1.8473947e-01
   1.0240000e+03   1.7146513e-01
   1.0250000e+03   1.6894618e-01
   1.0260000e+03   1.6010373e-01
   1.0270000e+03   1.4658548e-01
   1.0280000e+03   1.4099008e-01
   1.0290000e+03   1.2948275e-01
   1.0300000e+03   1.1824608e-01
   1.0310000e+03   1.1002469e-01
   1.0320000e+03   1.0401788e-01
   1.0330000e+03   1.0116065e-01
   1.0340000e+03   1.0316058e-01
   1.0350000e+03   9.9196557e-02
   1.0360000e+03   8.8347801e-02
   1.0370000e+03   7.5334263e-02
   1.0380000e+03   6.7385312e-02
   1.0390000e+03   6.0820221e-02
   1.0400000e+03   5.2494505e-02
   1.0410000e+03   5.5998018e-02
   1.0420000e+03   5.3143465e-02
   1.0430000e+03   4.8527350e-02
   1.0440000e+03   4.8476705e-02
   1.0450000e+03   4.2158735e-02
   1.0460000e+03   3.8425236e-02
   1.0470000e+03   4.0525794e-02
   1.0480000e+03   3.8753432e-02
   1.0490000e+03   3.1461775e-02
   1.0500000e+03   2.0137634e-02
   1.0510000e+03   2.1002662e-02
   1.0520000e+03   2.7330400e-02
   1.0530000e+03   2.4754919e-02
   1.0540000e+03   1.6949295e-02
   1.0550000e+03   1.9495777e-02
   1.0560000e+03   1.4237476e-02
   1.0570000e+03   1.2078896e-02
   1.0580000e+03   1.4225640e-02
   1.0590000e+03   1.4340157e-02
   1.0600000e+03   1.3519451e-02
   1.0610000e+03   1.1601030e-02
   1.0620000e+03   1.1867481e-02
   1.0630000e+03   8.9626801e-03
   1.0640000e+03   1.2908165e-02
   1.0650000e+03   1.6749002e-02
   1.0660000e+03   1.6760495e-02
   1.0670000e+03   1.4385551e-02
   1.0680000e+03   1.2318109e-02
   1.0690000e+03   9.0964929e-03
   1.0700000e+03   3.1138882e-03
   1.0710000e+03   4.0430123e-03
   1.0720000e+03   5.4232284e-03
   1.0730000e+03   1.6750740e-02
   1.0740000e+03   1.0898642e-02
   1.0750000e+03   4.5152199e-03
   1.0760000e+03  -9.4378873e-04
   1.0770000e+03   4.4948308e-04
   1.0780000e+03   4.7084073e-03
   1.0790000e+03   2.4112280e-03
   1.0800000e+03  -2.6079876e-03
   1.0810000e+03  -3.8887258e-03
   1.0820000e+03  -2.1365356e-03
   1.0830000e+03  -3.5879257e-03
   1.0840000e+03  -7.3666760e-03
   1.0850000e+03  -6.9211306e-03
   1.0860000e+03  -2.5877553e-03
   1.0870000e+03  -1.7063816e-03
   1.0880000e+03  -2.3643873e-03
   1.0890000e+03  -1.5970144e-03
   1.0900000e+03   5.2893036e-03
   1.0910000e+03   9.1030817e-03
   1.0920000e+03   1.0129791e-02
   1.0930000e+03   1.5212046e-02
   1.0940000e+03   1.4664264e-02
   1.0950000e+03   1.2286182e-02
   1.0960000e+03   4.6276468e-03
   1.0970000e+03   2.2725977e-03
   1.0980000e+03   1.1832099e-02
   1.0990000e+03   1.6779158e-02
   1.1000000e+03   1.8629756e-02
   1.1010000e+03   1.5634762e-02
   1.1020000e+03   1.4595726e-02
   1.1030000e+03   2.2709233e-02
   1.1040000e+03   2.2545954e-02
   1.1050000e+03   1.9795729e-02
   1.1060000e+03   1.8338983e-02
   1.1070000e+03   2.5075531e-02
   1.1080000e+03   2.5430124e-02
   1.1090000e+03   2.0437404e-02
   1.1100000e+03   1.0803402e-02
   1.1110000e+03   1.1945257e-02
   1.1120000e+03   1.6126677e-02
   1.1130000e+03   1.9249088e-02
   1.1140000e+03   2.4069611e-02
   1.1150000e+03   2.8042085e-02
   1.1160000e+03   2.5893799e-02
   1.1170000e+03   2.3637930e-02
   1.1180000e+03   2.4687071e-02
   1.1190000e+03   2.7914208e-02
   1.1200000e+03   3.0610510e-02
   1.1210000e+03   3.5068656e-02
   1.1220000e+03   3.8136604e-02
   1.1230000e+03   4.1860125e-02
   1.1240000e+03   4.0820228e-02
   1.1250000e+03   3.6660031e-02
   1.1260000e+03   3.8055256e-02
   1.1270000e+03   3.6901045e-02
   1.1280000e+03   3.7199038e-02
   1.1290000e+03   3.1222292e-02
   1.1300000e+03   2.9131857e-02
   1.1310000e+03   3.2247298e-02
   1.1320000e+03   3.6216438e-02
   1.1330000e+03   4.0390014e-02
   1.1340000e+03   4.2641013e-02
   1.1350000e+03   4.5939111e-02
   1.1360000e+03   4.5674824e-02
   1.1370000e+03   4.9455358e-02
   1.1380000e+03   5.6104843e-02
   1.1390000e+03   5.5637930e-02
   1.1400000e+03   5.8193635e-02
   1.1410000e+03   6.1346471e-02
   1.1420000e+03   6.1366718e-02
   1.1430000e+03   6.2139859e-02
   1.1440000e+03   6.3521501e-02
   1.1450000e+03   5.6297268e-02
   1.1460000e+03   5.8976571e-02
   1.1470000e+03   6.3742619e-02
   1.1480000e+03   5.5484641e-02
   1.1490000e+03   5.7385717e-02
   1.1500000e+03   5.9428443e-02
   1.1510000e+03   4.9619401e-02
   1.1520000e+03   4.2738837e-02
   1.1530000e+03   4.5309103e-02
   1.1540000e+03   4.9693136e-02
   1.1550000e+03   5.6113794e-02
   1.1560000e+03   5.7694427e-02
   1.1570000e+03   6.5483711e-02
   1.1580000e+03   6.4318976e-02
   1.1590000e+03   7.0641857e-02
   1.1600000e+03   8.2455362e-02
   1.1610000e+03   9.5050822e-02
   1.1620000e+03   1.0810578e-01
   1.1630000e+03   1.1972090e-01
   1.1640000e+03   1.3000810e-01
   1.1650000e+03   1.3811649e-01
   1.1660000e+03   1.4408703e-01
   1.1670000e+03   1.5502774e-01
   1.1680000e+03   1.5989955e-01
   1.1690000e+03   1.5552439e-01
   1.1700000e+03   1.5389043e-01
   1.1710000e+03   1.5917019e-01
   1.1720000e+03   1.5823594e-01
   1.1730000e+03   1.4831360e-01
   1.1740000e+03   1.4457672e-01
   1.1750000e+03   1.4659762e-01
   1.1760000e+03   1.4020624e-01
   1.1770000e+03   1.3288770e-01
   1.1780000e+03   1.3161160e-01
   1.1790000e+03   1.3642543e-01
   1.1800000e+03   1.4454304e-01
   1.1810000e+03   1.4687551e-01
   1.1820000e+03   1.5813742e-01
   1.1830000e+03   1.6890070e-01
   1.1840000e+03   1.8212661e-01
   1.1850000e+03   1.9687163e-01
   1.1860000e+03   2.0380829e-01
   1.1870000e+03   2.1005772e-01
   1.1880000e+03   2.1401023e-01
   1.1890000e+03   2.1708434e-01
   1.1900000e+03   2.1931125e-01
   1.1910000e+03   2.1957067e-01
   1.1920000e+03   2.1985374e-01
   1.1930000e+03   2.2659176e-01
   1.1940000e+03   2.2769716e-01
   1.1950000e+03   2.2256518e-01
   1.1960000e+03   2.1360263e-01
   1.1970000e+03   2.0698155e-01
   1.1980000e+03   2.0393445e-01
   1.1990000e+03   2.0831619e-01
   1.2000000e+03   2.1294503e-01
   1.2010000e+03   2.1233995e-01
   1.2020000e+03   2.2093277e-01
   1.2030000e+03   2.3871919e-01
   1.2040000e+03   2.5174848e-01
   1.2050000e+03   2.5918717e-01
   1.2060000e+03   2.6722801e-01
   1.2070000e+03   2.7662902e-01
   1.2080000e+03   2.8608938e-01
   1.2090000e+03   2.8580293e-01
   1.2100000e+03   2.8599996e-01
   1.2110000e+03   2.7791446e-01
   1.2120000e+03   2.7845572e-01
   1.2130000e+03   2.7517413e-01
   1.2140000e+03   2.6780950e-01
   1.2150000e+03   2.6645471e-01
   1.2160000e+03   2.6541532e-01
   1.2170000e+03   2.7505790e-01
   1.2180000e+03   2.8751299e-01
   1.2190000e+03   2.9424865e-01
   1.2200000e+03   3.0444727e-01
   1.2210000e+03   3.1269532e-01
   1.2220000e+03   3.2632268e-01
   1.2230000e+03   3.3871281e-01
   1.2240000e+03   3.5639517e-01
   1.2250000e+03   3.7732407e-01
   1.2260000e+03   3.9825857e-01
   1.2270000e+03   4.1067415e-01
   1.2280000e+03   4.2046308e-01
   1.2290000e+03   4.4166112e-01
   1.2300000e+03   4.6939907e-01
   1.2310000e+03   4.8582395e-01
   1.2320000e+03   5.0640631e-01
   1.2330000e+03   5.2847408e-01
   1.2340000e+03   5.3899361e-01
   1.2350000e+03   5.5930490e-01
   1.2360000e+03   5.6380702e-01
   1.2370000e+03   5.7029553e-01
   1.2380000e+03   5.9011212e-01
   1.2390000e+03   5.9430539e-01
   1.2400000e+03   6.0952867e-01
   1.2410000e+03   6.2937353e-01
   1.2420000e+03   6.5378971e-01
   1.2430000e+03   6.8890247e-01
   1.2440000e+03   7.1984569e-01
   1.2450000e+03   7.4243467e-01
   1.2460000e+03   7.6287822e-01
   1.2470000e+03   7.9005520e-01
   1.2480000e+03   8.1700341e-01
   1.2490000e+03   8.4189429e-01
   1.2500000e+03   8.7093793e-01
   1.2510000e+03   8.9235980e-01
   1.2520000e+03   9.0759341e-01
   1.2530000e+03   9.1805104e-01
   1.2540000e+03   9.1778090e-01
   1.2550000e+03   9.1094895e-01
   1.2560000e+03   9.0180839e-01
   1.2570000e+03   8.8390151e-01
   1.2580000e+03   8.7264361e-01
   1.2590000e+03   8.3844138e-01
   1.2600000e+03   8.0550883e-01
   1.2610000e+03   7.8171712e-01
   1.2620000e+03   7.5745009e-01
   1.2630000e+03   7.2370862e-01
   1.2640000e+03   6.9882881e-01
   1.2650000e+03   6.6250347e-01
   1.2660000e+03   6.2400811e-01
   1.2670000e+03   5.8530932e-01
   1.2680000e+03   5.4847174e-01
   1.2690000e+03   5.0609399e-01
   1.2700000e+03   4.6852337e-01
   1.2710000e+03   4.4151132e-01
   1.2720000e+03   4.1462993e-01
   1.2730000e+03   3.9941367e-01
   1.2740000e+03   3.8637245e-01
   1.2750000e+03   3.6871997e-01
   1.2760000e+03   3.5986523e-01
   1.2770000e+03   3.5550473e-01
   1.2780000e+03   3.5305760e-01
   1.2790000e+03   3.5609531e-01
   1.2800000e+03   3.5660110e-01
   1.2810000e+03   3.5164652e-01
   1.2820000e+03   3.5566119e-01
   1.2830000e+03   3.6185595e-01
   1.2840000e+03   3.6408345e-01
   1.2850000e+03   3.5813685e-01
   1.2860000e+03   3.5902136e-01
   1.2870000e+03   3.7112937e-01
   1.2880000e+03   3.8386263e-01
   1.2890000e+03   3.8851445e-01
   1.2900000e+03   3.9424820e-01
   1.2910000e+03   4.0978435e-01
   1.2920000e+03   4.3716474e-01
   1.2930000e+03   4.6622901e-01
   1.2940000e+03   4.9437920e-01
   1.2950000e+03   5.3755876e-01
   1.2960000e+03   5.8116389e-01
   1.2970000e+03   6.3027920e-01
   1.2980000e+03   6.8578119e-01
   1.2990000e+03   7.4330588e-01
   1.3000000e+03   8.1001618e-01
   1.3010000e+03   8.7444612e-01
   1.3020000e+03   9.1816227e-01
   1.3030000e+03   9.5773843e-01
   1.3040000e+03   9.7350011e-01
   1.3050000e+03   9.8269889e-01
   1.3060000e+03   9.8477800e-01
   1.3070000e+03   9.7303212e-01
   1.3080000e+03   9.5402230e-01
   1.3090000e+03   9.2745904e-01
   1.3100000e+03   8.9466169e-01
   1.3110000e+03   8.6726889e-01
   1.3120000e+03   8.3820454e-01
   1.3130000e+03   8.1324944e-01
   1.3140000e+03   7.9207279e-01
   1.3150000e+03   7.6335702e-01
   1.3160000e+03   7.3832458e-01
   1.3170000e+03   7.1954389e-01
   1.3180000e+03   7.0938931e-01
   1.3190000e+03   7.1210500e-01
   1.3200000e+03   7.2112422e-01
   1.3210000e+03   7.5088785e-01
   1.3220000e+03   7.9366846e-01
   1.3230000e+03   8.5917428e-01
   1.3240000e+03   9.5281936e-01
   1.3250000e+03   1.0554114e+00
   1.3260000e+03   1.1827615e+00
   1.3270000e+03   1.3182182e+00
   1.3280000e+03   1.4740040e+00
   1.3290000e+03   1.6294467e+00
   1.3300000e+03   1.7652400e+00
   1.3310000e+03   1.8884962e+00
   1.3320000e+03   1.9868306e+00
   1.3330000e+03   2.0551027e+00
   1.3340000e+03   2.1192267e+00
   1.3350000e+03   2.1559290e+00
   1.3360000e+03   2.1668968e+00
   1.3370000e+03   2.1776033e+00
   1.3380000e+03   2.1937491e+00
   1.3390000e+03   2.2053153e+00
   1.3400000e+03   2.1959271e+00
   1.3410000e+03   2.1826210e+00
   1.3420000e+03   2.1564153e+00
   1.3430000e+03   2.0942557e+00
   1.3440000e+03   2.0301641e+00
   1.3450000e+03   1.9551390e+00
   1.3460000e+03   1.8485249e+00
   1.3470000e+03   1.7214566e+00
   1.3480000e+03   1.5880562e+00
   1.3490000e+03   1.4579965e+00
   1.3500000e+03   1.3258004e+00
   1.3510000e+03   1.2010214e+00
   1.3520000e+03   1.0909911e+00
   1.3530000e+03   9.8532980e-01
   1.3540000e+03   8.9911386e-01
   1.3550000e+03   8.2974707e-01
   1.3560000e+03   7.6504388e-01
   1.3570000e+03   7.1183317e-01
   1.3580000e+03   6.8133868e-01
   1.3590000e+03   6.6504432e-01
   1.3600000e+03   6.5160265e-01
   1.3610000e+03   6.5503816e-01
   1.3620000e+03   6.7004342e-01
   1.3630000e+03   6.9053643e-01
   1.3640000e+03   7.1878624e-01
   1.3650000e+03   7.7080912e-01
   1.3660000e+03   8.3048910e-01
   1.3670000e+03   8.9394226e-01
   1.3680000e+03   9.6318003e-01
   1.3690000e+03   1.0458706e+00
   1.3700000e+03   1.1337832e+00
   1.3710000e+03   1.2190607e+00
   1.3720000e+03   1.2881380e+00
   1.3730000e+03   1.3451377e+00
   1.3740000e+03   1.3859606e+00
   1.3750000e+03   1.4035206e+00
   1.3760000e+03   1.4017976e+00
   1.3770000e+03   1.3817542e+00
   1.3780000e+03   1.3297569e+00
   1.3790000e+03   1.2548286e+00
   1.3800000e+03   1.1779525e+00
   1.3810000e+03   1.0914117e+00
   1.3820000e+03   1.0029202e+00
   1.3830000e+03   9.1939039e-01
   1.3840000e+03   8.2381754e-01
   1.3850000e+03   7.4925700e-01
   1.3860000e+03   6.8778561e-01
   1.3870000e+03   6.2192395e-01
   1.3880000e+03   5.6904951e-01
   1.3890000e+03   5.2956941e-01
   1.3900000e+03   4.8560511e-01
   1.3910000e+03   4.5480136e-01
   1.3920000e+03   4.3186978e-01
   1.3930000e+03   4.0341801e-01
   1.3940000e+03   3.7008775e-01
   1.3950000e+03   3.4882187e-01
   1.3960000e+03   3.3415179e-01
   1.3970000e+03   3.1876052e-01
   1.3980000e+03   3.1057376e-01
   1.3990000e+03   2.9341013e-01
   1.4000000e+03   2.8526555e-01
   1.4010000e+03   2.8091151e-01
   1.4020000e+03   2.7127100e-01
   1.4030000e+03   2.6692144e-01
   1.4040000e+03   2.6597397e-01
   1.4050000e+03   2.5779642e-01
   1.4060000e+03   2.6259382e-01
   1.4070000e+03   2.6717097e-01
   1.4080000e+03   2.7563095e-01
   1.4090000e+03   2.8803279e-01
   1.4100000e+03   2.9467323e-01
   1.4110000e+03   3.0954641e-01
   1.4120000e+03   3.3144298e-01
   1.4130000e+03   3.5215667e-01
   1.4140000e+03   3.8182319e-01
   1.4150000e+03   4.1516286e-01
   1.4160000e+03   4.5184960e-01
   1.4170000e+03   4.8817516e-01
   1.4180000e+03   5.2339047e-01
   1.4190000e+03   5.4638326e-01
   1.4200000e+03   5.6239965e-01
   1.4210000e+03   5.7905773e-01
   1.4220000e+03   5.7964644e-01
   1.4230000e+03   5.7942235e-01
   1.4240000e+03   5.8111673e-01
   1.4250000e+03   5.6297075e-01
   1.4260000e+03   5.3386970e-01
   1.4270000e+03   5.0924063e-01
   1.4280000e+03   4.8150715e-01
   1.4290000e+03   4.4707919e-01
   1.4300000e+03   4.1145425e-01
   1.4310000e+03   3.7984970e-01
   1.4320000e+03   3.4844063e-01
   1.4330000e+03   3.2635619e-01
   1.4340000e+03   3.1633510e-01
   1.4350000e+03   3.0506737e-01
   1.4360000e+03   2.9558390e-01
   1.4370000e+03   2.8804218e-01
   1.4380000e+03   2.9131077e-01
   1.4390000e+03   2.9973596e-01
   1.4400000e+03   2.9481030e-01
   1.4410000e+03   3.0546508e-01
   1.4420000e+03   3.2168161e-01
   1.4430000e+03   3.3418082e-01
   1.4440000e+03   3.4013374e-01
   1.4450000e+03   3.3942888e-01
   1.4460000e+03   3.4005546e-01
   1.4470000e+03   3.4792809e-01
   1.4480000e+03   3.4678713e-01
   1.4490000e+03   3.4918129e-01
   1.4500000e+03   3.4456381e-01
   1.4510000e+03   3.3859198e-01
   1.4520000e+03   3.4669857e-01
   1.4530000e+03   3.4910810e-01
   1.4540000e+03   3.4525949e-01
   1.4550000e+03   3.4715499e-01
   1.4560000e+03   3.4901314e-01
   1.4570000e+03   3.5985051e-01
   1.4580000e+03   3.6211403e-01
   1.4590000e+03   3.6322754e-01
   1.4600000e+03   3.6979002e-01
   1.4610000e+03   3.8114149e-01
   1.4620000e+03   3.9350398e-01
   1.4630000e+03   4.0878783e-01
   1.4640000e+03   4.2944846e-01
   1.4650000e+03   4.4971558e-01
   1.4660000e+03   4.8066279e-01
   1.4670000e+03   5.2409623e-01
   1.4680000e+03   5.6112089e-01
   1.4690000e+03   6.1205289e-01
   1.4700000e+03   6.9085288e-01
   1.4710000e+03   7.7306732e-01
   1.4720000e+03   8.6747752e-01
   1.4730000e+03   9.7673402e-01
   1.4740000e+03   1.0888804e+00
   1.4750000e+03   1.2025968e+00
   1.4760000e+03   1.3054551e+00
   1.4770000e+03   1.4080328e+00
   1.4780000e+03   1.5090472e+00
   1.4790000e+03   1.5746714e+00
   1.4800000e+03   1.6084262e+00
   1.4810000e+03   1.6210069e+00
   1.4820000e+03   1.6011189e+00
   1.4830000e+03   1.5726010e+00
   1.4840000e+03   1.5383665e+00
   1.4850000e+03   1.4795251e+00
   1.4860000e+03   1.4042251e+00
   1.4870000e+03   1.3249221e+00
   1.4880000e+03   1.2413197e+00
   1.4890000e+03   1.1595018e+00
   1.4900000e+03   1.0839385e+00
   1.4910000e+03   9.9982491e-01
   1.4920000e+03   9.1929801e-01
   1.4930000e+03   8.4656010e-01
   1.4940000e+03   7.7564695e-01
   1.4950000e+03   7.0580212e-01
   1.4960000e+03   6.4503274e-01
   1.4970000e+03   5.9799876e-01
   1.4980000e+03   5.6079257e-01
   1.4990000e+03   5.2915483e-01
   1.5000000e+03   5.0617788e-01
   1.5010000e+03   4.9265750e-01
   1.5020000e+03   4.8240929e-01
   1.5030000e+03   4.8253727e-01
   1.5040000e+03   4.9536023e-01
   1.5050000e+03   5.0969363e-01
   1.5060000e+03   5.3304514e-01
   1.5070000e+03   5.6127181e-01
   1.5080000e+03   5.9023750e-01
   1.5090000e+03   6.2789024e-01
   1.5100000e+03   6.5084614e-01
   1.5110000e+03   6.5808676e-01
   1.5120000e+03   6.6315538e-01
   1.5130000e+03   6.6378288e-01
   1.5140000e+03   6.4497382e-01
   1.5150000e+03   6.1363580e-01
   1.5160000e+03   5.8158378e-01
   1.5170000e+03   5.3520716e-01
   1.5180000e+03   4.8595507e-01
   1.5190000e+03   4.4045211e-01
   1.5200000e+03   3.9483303e-01
   1.5210000e+03   3.5063758e-01
   1.5220000e+03   3.0674045e-01
   1.5230000e+03   2.6770039e-01
   1.5240000e+03   2.3713250e-01
   1.5250000e+03   2.1659320e-01
   1.5260000e+03   1.9913420e-01
   1.5270000e+03   1.8229445e-01
   1.5280000e+03   1.7573491e-01
   1.5290000e+03   1.6937452e-01
   1.5300000e+03   1.5677094e-01
   1.5310000e+03   1.4690981e-01
   1.5320000e+03   1.3570811e-01
   1.5330000e+03   1.2876305e-01
   1.5340000e+03   1.2801506e-01
   1.5350000e+03   1.2113530e-01
   1.5360000e+03   1.0832546e-01
   1.5370000e+03   1.1183211e-01
   1.5380000e+03   1.1313887e-01
   1.5390000e+03   1.0809172e-01
   1.5400000e+03   1.0898370e-01
   1.5410000e+03   1.0377292e-01
   1.5420000e+03   9.7509010e-02
   1.5430000e+03   9.0154786e-02
   1.5440000e+03   8.3268501e-02
   1.5450000e+03   8.0395389e-02
   1.5460000e+03   8.1565420e-02
   1.5470000e+03   8.5972884e-02
   1.5480000e+03   8.7781783e-02
   1.5490000e+03   8.8686895e-02
   1.5500000e+03   8.7306501e-02
   1.5510000e+03   8.2905646e-02
   1.5520000e+03   8.6545175e-02
   1.5530000e+03   8.5310786e-02
   1.5540000e+03   8.5567620e-02
   1.5550000e+03   9.0911113e-02
   1.5560000e+03   9.6646361e-02
   1.5570000e+03   1.0901263e-01
   1.5580000e+03   1.2350845e-01
   1.5590000e+03   1.3058103e-01
   1.5600000e+03   1.4146772e-01
   1.5610000e+03   1.6276074e-01
   1.5620000e+03   1.7750782e-01
   1.5630000e+03   2.0514800e-01
   1.5640000e+03   2.3556290e-01
   1.5650000e+03   2.7276536e-01
   1.5660000e+03   3.2655206e-01
   1.5670000e+03   3.8110324e-01
   1.5680000e+03   4.5357594e-01
   1.5690000e+03   5.4589315e-01
   1.5700000e+03   6.3899975e-01
   1.5710000e+03   7.4668013e-01
   1.5720000e+03   8.5753432e-01
   1.5730000e+03   9.6473228e-01
   1.5740000e+03   1.0595585e+00
   1.5750000e+03   1.1330998e+00
   1.5760000e+03   1.1727850e+00
   1.5770000e+03   1.1782389e+00
   1.5780000e+03   1.1534597e+00
   1.5790000e+03   1.0858983e+00
   1.5800000e+03   9.8950980e-01
   1.5810000e+03   8.9740309e-01
   1.5820000e+03   7.8956173e-01
   1.5830000e+03   6.8785855e-01
   1.5840000e+03   6.0758783e-01
   1.5850000e+03   5.2736899e-01
   1.5860000e+03   4.6896328e-01
   1.5870000e+03   4.1608899e-01
   1.5880000e+03   3.8112790e-01
   1.5890000e+03   3.5555561e-01
   1.5900000e+03   3.5530351e-01
   1.5910000e+03   3.5177958e-01
   1.5920000e+03   3.4098342e-01
   1.5930000e+03   3.5517176e-01
   1.5940000e+03   3.7109093e-01
   1.5950000e+03   3.7857785e-01
   1.5960000e+03   3.9211525e-01
   1.5970000e+03   4.0317125e-01
   1.5980000e+03   4.1741427e-01
   1.5990000e+03   4.3277917e-01
   1.6000000e+03   4.5634051e-01
   1.6010000e+03   4.7871058e-01
   1.6020000e+03   5.0827636e-01
   1.6030000e+03   5.2717055e-01
   1.6040000e+03   5.3493545e-01
   1.6050000e+03   5.4172748e-01
   1.6060000e+03   5.3511666e-01
   1.6070000e+03   5.2237595e-01
   1.6080000e+03   4.9846022e-01
   1.6090000e+03   4.7342054e-01
   1.6100000e+03   4.4305072e-01
   1.6110000e+03   4.0596773e-01
   1.6120000e+03   3.7480681e-01
   1.6130000e+03   3.4026104e-01
   1.6140000e+03   3.1388461e-01
   1.6150000e+03   2.9047442e-01
   1.6160000e+03   2.6095285e-01
   1.6170000e+03   2.2648468e-01
   1.6180000e+03   1.9818748e-01
   1.6190000e+03   1.7585794e-01
   1.6200000e+03   1.6339920e-01
   1.6210000e+03   1.5560103e-01
   1.6220000e+03   1.4400100e-01
   1.6230000e+03   1.3395211e-01
   1.6240000e+03   1.2929135e-01
   1.6250000e+03   1.3267975e-01
   1.6260000e+03   1.3047359e-01
   1.6270000e+03   1.3134242e-01
   1.6280000e+03   1.3336917e-01
   1.6290000e+03   1.4531257e-01
   1.6300000e+03   1.5630463e-01
   1.6310000e+03   1.6088826e-01
   1.6320000e+03   1.8611361e-01
   1.6330000e+03   2.1662166e-01
   1.6340000e+03   2.3810104e-01
   1.6350000e+03   2.7312839e-01
   1.6360000e+03   3.2020712e-01
   1.6370000e+03   3.6848751e-01
   1.6380000e+03   4.2777535e-01
   1.6390000e+03   5.0105955e-01
   1.6400000e+03   5.7555093e-01
   1.6410000e+03   6.5279462e-01
   1.6420000e+03   7.4140037e-01
   1.6430000e+03   8.2176182e-01
   1.6440000e+03   9.0441944e-01
   1.6450000e+03   9.9460725e-01
   1.6460000e+03   1.0672581e+00
   1.6470000e+03   1.1116069e+00
   1.6480000e+03   1.1375447e+00
   1.6490000e+03   1.1519839e+00
   1.6500000e+03   1.1488149e+00
   1.6510000e+03   1.1247677e+00
   1.6520000e+03   1.0986746e+00
   1.6530000e+03   1.0666690e+00
   1.6540000e+03   1.0188684e+00
   1.6550000e+03   9.8327206e-01
   1.6560000e+03   9.3894543e-01
   1.6570000e+03   9.0435623e-01
   1.6580000e+03   8.7933298e-01
   1.6590000e+03   8.4862087e-01
   1.6600000e+03   8.2266417e-01
   1.6610000e+03   8.0793316e-01
   1.6620000e+03   7.8866422e-01
   1.6630000e+03   7.5828614e-01
   1.6640000e+03   7.4443140e-01
   1.6650000e+03   7.2535114e-01
   1.6660000e+03   7.0207761e-01
   1.6670000e+03   6.6780333e-01
   1.6680000e+03   6.3428760e-01
   1.6690000e+03   6.1035607e-01
   1.6700000e+03   5.9637469e-01
   1.6710000e+03   5.8235455e-01
   1.6720000e+03   5.5777457e-01
   1.6730000e+03   5.2698687e-01
   1.6740000e+03   5.0099564e-01
   1.6750000e+03   4.9131910e-01
   1.6760000e+03   4.7666711e-01
   1.6770000e+03   4.6054736e-01
   1.6780000e+03   4.3698638e-01
   1.6790000e+03   4.0990583e-01
   1.6800000e+03   3.9310997e-01
   1.6810000e+03   3.7434943e-01
   1.6820000e+03   3.5333007e-01
   1.6830000e+03   3.2737119e-01
   1.6840000e+03   2.9501533e-01
   1.6850000e+03   2.7421692e-01
   1.6860000e+03   2.5399862e-01
   1.6870000e+03   2.2549599e-01
   1.6880000e+03   2.0748309e-01
   1.6890000e+03   1.9319627e-01
   1.6900000e+03   1.7556706e-01
   1.6910000e+03   1.6045981e-01
   1.6920000e+03   1.4259221e-01
   1.6930000e+03   1.4352926e-01
   1.6940000e+03   1.3989312e-01
   1.6950000e+03   1.2729274e-01
   1.6960000e+03   1.2145411e-01
   1.6970000e+03   1.1206375e-01
   1.6980000e+03   1.0432057e-01
   1.6990000e+03   9.6773217e-02
   1.7000000e+03   9.2719795e-02
   1.7010000e+03   9.0818443e-02
   1.7020000e+03   9.2015720e-02
   1.7030000e+03   8.7844515e-02
   1.7040000e+03   8.9361099e-02
   1.7050000e+03   8.8543852e-02
   1.7060000e+03   8.8875452e-02
   1.7070000e+03   8.6184786e-02
   1.7080000e+03   8.7065951e-02
   1.7090000e+03   8.6149603e-02
   1.7100000e+03   8.2671569e-02
   1.7110000e+03   8.3658369e-02
   1.7120000e+03   8.5138477e-02
   1.7130000e+03   8.8019190e-02
   1.7140000e+03   8.9866651e-02
   1.7150000e+03   8.8932166e-02
   1.7160000e+03   8.6853692e-02
   1.7170000e+03   8.7573816e-02
   1.7180000e+03   9.1035568e-02
   1.7190000e+03   8.2428586e-02
   1.7200000e+03   7.4106415e-02
   1.7210000e+03   7.4497556e-02
   1.7220000e+03   7.0930662e-02
   1.7230000e+03   6.4785663e-02
   1.7240000e+03   5.9671790e-02
   1.7250000e+03   4.7847357e-02
   1.7260000e+03   4.1713517e-02
   1.7270000e+03   4.1326202e-02
   1.7280000e+03   3.2659792e-02
   1.7290000e+03   2.1705620e-02
   1.7300000e+03   1.5345493e-02
   1.7310000e+03   1.7257438e-02
   1.7320000e+03   1.6459481e-02
   1.7330000e+03   1.0848095e-02
   1.7340000e+03   1.0100121e-02
   1.7350000e+03   5.2640122e-03
   1.7360000e+03  -2.5940549e-03
   1.7370000e+03  -6.4077408e-04
   1.7380000e+03  -3.0804917e-03
   1.7390000e+03   2.3024927e-03
   1.7400000e+03   9.7216186e-03
   1.7410000e+03   2.3717611e-03
   1.7420000e+03  -4.7521235e-04
   1.7430000e+03   3.8413856e-03
   1.7440000e+03   2.5594031e-03
   1.7450000e+03  -3.3539209e-04
   1.7460000e+03   2.2352278e-03
   1.7470000e+03   3.0281772e-03
   1.7480000e+03   5.0166050e-03
   1.7490000e+03   5.2506426e-03
   1.7500000e+03  -4.7185273e-04
   1.7510000e+03  -4.3152607e-04
   1.7520000e+03   1.1924706e-04
   1.7530000e+03  -1.4901463e-03
   1.7540000e+03  -1.7827783e-04
   1.7550000e+03  -6.9765322e-04
   1.7560000e+03   1.5343304e-03
   1.7570000e+03   2.8892560e-03
   1.7580000e+03   2.5225179e-03
   1.7590000e+03   1.1932674e-04
   1.7600000e+03   4.4325681e-03
   1.7610000e+03   7.2875011e-03
   1.7620000e+03   8.9754000e-03
   1.7630000e+03   1.2890333e-02
   1.7640000e+03   9.7538758e-03
   1.7650000e+03   1.1067383e-02
   1.7660000e+03   9.3332895e-03
   1.7670000e+03   1.1413115e-02
   1.7680000e+03   7.4199577e-03
   1.7690000e+03   5.7042373e-03
   1.7700000e+03   3.6370033e-03
   1.7710000e+03   2.4844790e-03
   1.7720000e+03   6.8112590e-03
   1.7730000e+03   6.4119794e-03
   1.7740000e+03   6.4143804e-03
   1.7750000e+03   1.0143327e-02
   1.7760000e+03   1.1608164e-02
   1.7770000e+03   1.0235473e-02
   1.7780000e+03   1.3010884e-02
   1.7790000e+03   1.1727225e-02
   1.7800000e+03   1.0777760e-02
   1.7810000e+03   1.3523122e-02
   1.7820000e+03   1.4157271e-02
   1.7830000e+03   1.4189351e-02
   1.7840000e+03   1.6198674e-02
   1.7850000e+03   1.9338550e-02
   1.7860000e+03   1.4209168e-02
   1.7870000e+03   1.4608020e-02
   1.7880000e+03   1.8197712e-02
   1.7890000e+03   1.9018348e-02
   1.7900000e+03   1.8723561e-02
   1.7910000e+03   1.6986905e-02
   1.7920000e+03   1.6545498e-02
   1.7930000e+03   2.0227802e-02
   1.7940000e+03   1.9918199e-02
   1.7950000e+03   2.0326476e-02
   1.7960000e+03   2.1733134e-02
   1.7970000e+03   1.8820546e-02
   1.7980000e+03   2.1116550e-02
   1.7990000e+03   2.1267355e-02
