   5.0100000e+02   6.1013563e-02
   5.0200000e+02   6.1029344e-02
   5.0300000e+02   5.2849308e-02
   5.0400000e+02   5.1784480e-02
   5.0500000e+02   5.3532179e-02
   5.0600000e+02   6.0897522e-02
   5.0700000e+02   6.2256908e-02
   5.0800000e+02   6.0834351e-02
   5.0900000e+02   4.9869248e-02
   5.1000000e+02   3.5802824e-02
   5.1100000e+02   1.9983674e-02
   5.1200000e+02   1.1632158e-02
   5.1300000e+02   9.6387927e-03
   5.1400000e+02   7.7430505e-03
   5.1500000e+02   5.0920822e-03
   5.1600000e+02   5.7923662e-03
   5.1700000e+02   7.7047813e-03
   5.1800000e+02   1.7179288e-02
   5.1900000e+02   1.7414083e-02
   5.2000000e+02   2.0611808e-02
   5.2100000e+02   2.8569989e-02
   5.2200000e+02   3.1250127e-02
   5.2300000e+02   2.8711611e-02
   5.2400000e+02   2.8661884e-02
   5.2500000e+02   2.8545367e-02
   5.2600000e+02   3.1684641e-02
   5.2700000e+02   3.7694171e-02
   5.2800000e+02   4.0864285e-02
   5.2900000e+02   4.0133637e-02
   5.3000000e+02   4.0335294e-02
   5.3100000e+02   4.2344038e-02
   5.3200000e+02   4.0896165e-02
   5.3300000e+02   3.8771905e-02
   5.3400000e+02   4.1213244e-02
   5.3500000e+02   4.2924797e-02
   5.3600000e+02   4.5222318e-02
   5.3700000e+02   4.7344644e-02
   5.3800000e+02   4.8633624e-02
   5.3900000e+02   5.3702788e-02
   5.4000000e+02   5.4598638e-02
   5.4100000e+02   5.7352895e-02
   5.4200000e+02   5.9531073e-02
   5.4300000e+02   5.9246653e-02
   5.4400000e+02   6.0697451e-02
   5.4500000e+02   6.1178206e-02
   5.4600000e+02   5.4805678e-02
   5.4700000e+02   4.5398403e-02
   5.4800000e+02   3.4241332e-02
   5.4900000e+02   2.5506971e-02
   5.5000000e+02   2.3360964e-02
   5.5100000e+02   2.3375991e-02
   5.5200000e+02   2.2853945e-02
   5.5300000e+02   2.6403902e-02
   5.5400000e+02   3.2593668e-02
   5.5500000e+02   4.4351980e-02
   5.5600000e+02   4.3665279e-02
   5.5700000e+02   4.0545665e-02
   5.5800000e+02   4.3626348e-02
   5.5900000e+02   5.0837977e-02
   5.6000000e+02   6.0126159e-02
   5.6100000e+02   5.9965971e-02
   5.6200000e+02   6.6050202e-02
   5.6300000e+02   7.2783484e-02
   5.6400000e+02   7.4619943e-02
   5.6500000e+02   7.4314417e-02
   5.6600000e+02   7.1087183e-02
   5.6700000e+02   6.2898824e-02
   5.6800000e+02   6.0134850e-02
   5.6900000e+02   5.8983064e-02
   5.7000000e+02   6.2754518e-02
   5.7100000e+02   6.0568582e-02
   5.7200000e+02   5.5929191e-02
   5.7300000e+02   4.7943799e-02
   5.7400000e+02   3.7724497e-02
   5.7500000e+02   3.2042998e-02
   5.7600000e+02   3.2032982e-02
   5.7700000e+02   3.1521630e-02
   5.7800000e+02   3.1706592e-02
   5.7900000e+02   3.4002385e-02
   5.8000000e+02   3.9693509e-02
   5.8100000e+02   3.7411495e-02
   5.8200000e+02   2.5302820e-02
   5.8300000e+02   2.8192460e-02
   5.8400000e+02   3.0128825e-02
   5.8500000e+02   2.4680144e-02
   5.8600000e+02   2.3324207e-02
   5.8700000e+02   2.4431807e-02
   5.8800000e+02   2.7363434e-02
   5.8900000e+02   3.1474282e-02
   5.9000000e+02   2.4291288e-02
   5.9100000e+02   1.6202517e-02
   5.9200000e+02   2.2401729e-02
   5.9300000e+02   1.7021203e-02
   5.9400000e+02   1.2473716e-02
   5.9500000e+02   2.4234165e-02
   5.9600000e+02   3.1996838e-02
   5.9700000e+02   3.0573307e-02
   5.9800000e+02   3.5549125e-02
   5.9900000e+02   3.0612327e-02
   6.0000000e+02   2.6305972e-02
   6.0100000e+02   2.9966569e-02
   6.0200000e+02   2.9477123e-02
   6.0300000e+02   4.2874960e-02
   6.0400000e+02   4.7540121e-02
   6.0500000e+02   3.7190099e-02
   6.0600000e+02   6.4796371e-02
   6.0700000e+02   5.3112900e-02
   6.0800000e+02   3.1611577e-02
   6.0900000e+02   4.6752583e-02
   6.1000000e+02   2.6678544e-02
   6.1100000e+02   2.3981960e-02
   6.1200000e+02   3.0292985e-02
   6.1300000e+02   3.0129311e-02
   6.1400000e+02   5.7461468e-02
   6.1500000e+02   6.7488491e-02
   6.1600000e+02   7.8100215e-02
   6.1700000e+02   1.0031496e-01
   6.1800000e+02   9.5955704e-02
   6.1900000e+02   9.7921278e-02
   6.2000000e+02   1.1442670e-01
   6.2100000e+02   1.1176427e-01
   6.2200000e+02   1.0401095e-01
   6.2300000e+02   1.0359365e-01
   6.2400000e+02   1.0587746e-01
   6.2500000e+02   1.0550484e-01
   6.2600000e+02   1.0688408e-01
   6.2700000e+02   1.0693295e-01
   6.2800000e+02   1.0607206e-01
   6.2900000e+02   1.0561152e-01
   6.3000000e+02   1.0755186e-01
   6.3100000e+02   1.1366970e-01
   6.3200000e+02   1.1868833e-01
   6.3300000e+02   1.1669791e-01
   6.3400000e+02   1.1982503e-01
   6.3500000e+02   1.2847069e-01
   6.3600000e+02   1.2543565e-01
   6.3700000e+02   1.1956698e-01
   6.3800000e+02   1.1880795e-01
   6.3900000e+02   1.1003895e-01
   6.4000000e+02   1.1107972e-01
   6.4100000e+02   1.1423024e-01
   6.4200000e+02   1.0539349e-01
   6.4300000e+02   1.0850305e-01
   6.4400000e+02   1.0134525e-01
   6.4500000e+02   8.5896905e-02
   6.4600000e+02   8.2425342e-02
   6.4700000e+02   8.2800534e-02
   6.4800000e+02   8.0408222e-02
   6.4900000e+02   7.4205295e-02
   6.5000000e+02   7.0442244e-02
   6.5100000e+02   7.5870461e-02
   6.5200000e+02   7.6508034e-02
   6.5300000e+02   7.6978261e-02
   6.5400000e+02   8.4063945e-02
   6.5500000e+02   8.6937717e-02
   6.5600000e+02   8.8809458e-02
   6.5700000e+02   8.9556749e-02
   6.5800000e+02   8.8941494e-02
   6.5900000e+02   9.2320167e-02
   6.6000000e+02   1.0147369e-01
   6.6100000e+02   1.0811872e-01
   6.6200000e+02   1.1648011e-01
   6.6300000e+02   1.2701021e-01
   6.6400000e+02   1.3491827e-01
   6.6500000e+02   1.4258000e-01
   6.6600000e+02   1.4689146e-01
   6.6700000e+02   1.4679998e-01
   6.6800000e+02   1.4566966e-01
   6.6900000e+02   1.4386183e-01
   6.7000000e+02   1.3507046e-01
   6.7100000e+02   1.2691069e-01
   6.7200000e+02   1.1248092e-01
   6.7300000e+02   9.7787151e-02
   6.7400000e+02   8.6377009e-02
   6.7500000e+02   7.1363448e-02
   6.7600000e+02   5.9847215e-02
   6.7700000e+02   4.7499099e-02
   6.7800000e+02   3.7357593e-02
   6.7900000e+02   3.3590533e-02
   6.8000000e+02   2.2035015e-02
   6.8100000e+02   1.4242192e-02
   6.8200000e+02   1.5981683e-02
   6.8300000e+02   8.9772876e-03
   6.8400000e+02   4.4422566e-03
   6.8500000e+02   2.0778258e-03
   6.8600000e+02   3.5535026e-03
   6.8700000e+02   5.9959831e-03
   6.8800000e+02   3.6628805e-03
   6.8900000e+02   4.2296956e-03
   6.9000000e+02   6.4509963e-03
   6.9100000e+02   5.0749712e-03
   6.9200000e+02   5.8575431e-03
   6.9300000e+02   7.6417295e-03
   6.9400000e+02   8.3389479e-03
   6.9500000e+02   1.0135113e-02
   6.9600000e+02   7.8817694e-03
   6.9700000e+02   6.6907632e-03
   6.9800000e+02   9.2074500e-03
   6.9900000e+02   8.8000704e-03
   7.0000000e+02   8.3344043e-03
   7.0100000e+02   6.5832786e-03
   7.0200000e+02   6.1024639e-03
   7.0300000e+02   7.2500707e-03
   7.0400000e+02   1.7718355e-02
   7.0500000e+02   2.5051409e-02
   7.0600000e+02   2.4481657e-02
   7.0700000e+02   2.3290599e-02
   7.0800000e+02   2.2043943e-02
   7.0900000e+02   2.0621275e-02
   7.1000000e+02   1.7609397e-02
   7.1100000e+02   1.0921729e-02
   7.1200000e+02   4.8562884e-03
   7.1300000e+02   5.4993657e-03
   7.1400000e+02   5.0141702e-03
   7.1500000e+02   8.9510689e-03
   7.1600000e+02   1.8357862e-02
   7.1700000e+02   1.9228735e-02
   7.1800000e+02   1.6475180e-02
   7.1900000e+02   1.6188939e-02
   7.2000000e+02   1.8528958e-02
   7.2100000e+02   1.9438518e-02
   7.2200000e+02   3.0139170e-02
   7.2300000e+02   4.1966661e-02
   7.2400000e+02   4.9011910e-02
   7.2500000e+02   5.5933130e-02
   7.2600000e+02   6.3546881e-02
   7.2700000e+02   6.4484731e-02
   7.2800000e+02   6.6841608e-02
   7.2900000e+02   6.9566575e-02
   7.3000000e+02   7.3883046e-02
   7.3100000e+02   8.1380760e-02
   7.3200000e+02   9.6911293e-02
   7.3300000e+02   1.0434081e-01
   7.3400000e+02   1.0800978e-01
   7.3500000e+02   1.1535984e-01
   7.3600000e+02   1.2102880e-01
   7.3700000e+02   1.2425875e-01
   7.3800000e+02   1.2951478e-01
   7.3900000e+02   1.3902757e-01
   7.4000000e+02   1.4972390e-01
   7.4100000e+02   1.6116339e-01
   7.4200000e+02   1.7889838e-01
   7.4300000e+02   1.9713674e-01
   7.4400000e+02   2.1133831e-01
   7.4500000e+02   2.1948132e-01
   7.4600000e+02   2.3423857e-01
   7.4700000e+02   2.5115537e-01
   7.4800000e+02   2.6485265e-01
   7.4900000e+02   2.7165402e-01
   7.5000000e+02   2.7173527e-01
   7.5100000e+02   2.6633330e-01
   7.5200000e+02   2.5975892e-01
   7.5300000e+02   2.5060055e-01
   7.5400000e+02   2.3903780e-01
   7.5500000e+02   2.2874900e-01
   7.5600000e+02   2.2055478e-01
   7.5700000e+02   2.1162483e-01
   7.5800000e+02   2.0539394e-01
   7.5900000e+02   1.9981535e-01
   7.6000000e+02   1.9197026e-01
   7.6100000e+02   1.8437964e-01
   7.6200000e+02   1.7995197e-01
   7.6300000e+02   1.8075623e-01
   7.6400000e+02   1.8261649e-01
   7.6500000e+02   1.8142181e-01
   7.6600000e+02   1.7489275e-01
   7.6700000e+02   1.6736083e-01
   7.6800000e+02   1.5574442e-01
   7.6900000e+02   1.4318831e-01
   7.7000000e+02   1.3698984e-01
   7.7100000e+02   1.4743693e-01
   7.7200000e+02   1.6276857e-01
   7.7300000e+02   1.7881301e-01
   7.7400000e+02   2.0371314e-01
   7.7500000e+02   2.3527106e-01
   7.7600000e+02   2.7231324e-01
   7.7700000e+02   2.9923464e-01
   7.7800000e+02   3.2177496e-01
   7.7900000e+02   3.5138325e-01
   7.8000000e+02   3.8916649e-01
   7.8100000e+02   4.2480797e-01
   7.8200000e+02   4.6662468e-01
   7.8300000e+02   5.0847180e-01
   7.8400000e+02   5.4451479e-01
   7.8500000e+02   5.7734533e-01
   7.8600000e+02   6.0376813e-01
   7.8700000e+02   6.2662708e-01
   7.8800000e+02   6.4272596e-01
   7.8900000e+02   6.3634811e-01
   7.9000000e+02   6.1821714e-01
   7.9100000e+02   5.9348672e-01
   7.9200000e+02   5.4927972e-01
   7.9300000e+02   4.9106540e-01
   7.9400000e+02   4.3501611e-01
   7.9500000e+02   3.8371423e-01
   7.9600000e+02   3.4132248e-01
   7.9700000e+02   3.0287822e-01
   7.9800000e+02   2.7199199e-01
   7.9900000e+02   2.4488773e-01
   8.0000000e+02   2.2957746e-01
   8.0100000e+02   2.2000870e-01
   8.0200000e+02   2.0501254e-01
   8.0300000e+02   1.9390437e-01
   8.0400000e+02   1.8400076e-01
   8.0500000e+02   1.7385704e-01
   8.0600000e+02   1.6133784e-01
   8.0700000e+02   1.4806841e-01
   8.0800000e+02   1.3398337e-01
   8.0900000e+02   1.2055373e-01
   8.1000000e+02   1.0360340e-01
   8.1100000e+02   8.4765923e-02
   8.1200000e+02   7.6579505e-02
   8.1300000e+02   6.9341826e-02
   8.1400000e+02   6.3941053e-02
   8.1500000e+02   6.3204304e-02
   8.1600000e+02   5.8446123e-02
   8.1700000e+02   5.3948904e-02
   8.1800000e+02   5.2652150e-02
   8.1900000e+02   4.8436576e-02
   8.2000000e+02   4.4595073e-02
   8.2100000e+02   3.6256070e-02
   8.2200000e+02   2.5997656e-02
   8.2300000e+02   2.1391276e-02
   8.2400000e+02   2.0772226e-02
   8.2500000e+02   1.1006355e-02
   8.2600000e+02   3.3902064e-03
   8.2700000e+02  -1.2093310e-03
   8.2800000e+02  -2.5486310e-03
   8.2900000e+02  -5.4923435e-03
   8.3000000e+02  -1.0523116e-02
   8.3100000e+02  -7.8872089e-03
   8.3200000e+02   4.2000552e-03
   8.3300000e+02   1.3721308e-02
   8.3400000e+02   1.9335977e-02
   8.3500000e+02   2.9497301e-02
   8.3600000e+02   3.7501347e-02
   8.3700000e+02   3.3507683e-02
   8.3800000e+02   2.8884094e-02
   8.3900000e+02   2.8424682e-02
   8.4000000e+02   2.8353184e-02
   8.4100000e+02   3.0996355e-02
   8.4200000e+02   3.4301626e-02
   8.4300000e+02   3.3777079e-02
   8.4400000e+02   3.7703194e-02
   8.4500000e+02   4.2994990e-02
   8.4600000e+02   4.6507617e-02
   8.4700000e+02   4.5669371e-02
   8.4800000e+02   4.6319105e-02
   8.4900000e+02   5.0497366e-02
   8.5000000e+02   5.5324958e-02
   8.5100000e+02   5.5442790e-02
   8.5200000e+02   5.7720725e-02
   8.5300000e+02   6.5659395e-02
   8.5400000e+02   7.3334005e-02
   8.5500000e+02   7.8923089e-02
   8.5600000e+02   8.4395384e-02
   8.5700000e+02   8.7457874e-02
   8.5800000e+02   8.6891902e-02
   8.5900000e+02   8.6237876e-02
   8.6000000e+02   8.9271800e-02
   8.6100000e+02   8.7507172e-02
   8.6200000e+02   8.3297078e-02
   8.6300000e+02   8.5415627e-02
   8.6400000e+02   8.6049396e-02
   8.6500000e+02   8.5811688e-02
   8.6600000e+02   8.9369440e-02
   8.6700000e+02   9.3023465e-02
   8.6800000e+02   9.1757717e-02
   8.6900000e+02   8.3709093e-02
   8.7000000e+02   7.9873717e-02
   8.7100000e+02   7.8588089e-02
   8.7200000e+02   7.8237258e-02
   8.7300000e+02   8.4267717e-02
   8.7400000e+02   8.9545460e-02
   8.7500000e+02   8.2207108e-02
   8.7600000e+02   7.1670173e-02
   8.7700000e+02   6.5958220e-02
   8.7800000e+02   6.5510709e-02
   8.7900000e+02   6.3315329e-02
   8.8000000e+02   6.4801205e-02
   8.8100000e+02   6.8462988e-02
   8.8200000e+02   7.1084063e-02
   8.8300000e+02   6.9305744e-02
   8.8400000e+02   6.6110402e-02
   8.8500000e+02   6.5458475e-02
   8.8600000e+02   6.4175330e-02
   8.8700000e+02   5.9296235e-02
   8.8800000e+02   5.4480851e-02
   8.8900000e+02   5.6419950e-02
   8.9000000e+02   5.6242785e-02
   8.9100000e+02   5.2070584e-02
   8.9200000e+02   4.8622967e-02
   8.9300000e+02   4.4215529e-02
   8.9400000e+02   4.2815655e-02
   8.9500000e+02   3.9828573e-02
   8.9600000e+02   3.8807120e-02
   8.9700000e+02   3.7624471e-02
   8.9800000e+02   3.9191688e-02
   8.9900000e+02   4.0075202e-02
   9.0000000e+02   3.8539828e-02
   9.0100000e+02   3.8201448e-02
   9.0200000e+02   3.3382486e-02
   9.0300000e+02   2.9823312e-02
   9.0400000e+02   2.6363309e-02
   9.0500000e+02   2.2914034e-02
   9.0600000e+02   2.3073201e-02
   9.0700000e+02   2.1607483e-02
   9.0800000e+02   1.5690327e-02
   9.0900000e+02   8.0939314e-03
   9.1000000e+02   4.7790831e-03
   9.1100000e+02   1.6956790e-03
   9.1200000e+02   3.6079578e-03
   9.1300000e+02   5.6923361e-03
   9.1400000e+02   3.6009824e-03
   9.1500000e+02   3.2408365e-03
   9.1600000e+02  -2.9156971e-04
   9.1700000e+02  -4.5384230e-03
   9.1800000e+02  -4.5712859e-03
   9.1900000e+02  -2.3640506e-03
   9.2000000e+02  -5.1248096e-04
   9.2100000e+02  -1.1583290e-03
   9.2200000e+02   1.9363332e-03
   9.2300000e+02   3.0391546e-03
   9.2400000e+02   3.2324453e-03
   9.2500000e+02   6.7611097e-03
   9.2600000e+02   8.3254561e-03
   9.2700000e+02   9.9038298e-03
   9.2800000e+02   1.0255386e-02
   9.2900000e+02   1.0555345e-02
   9.3000000e+02   1.2585394e-02
   9.3100000e+02   1.5368143e-02
   9.3200000e+02   1.4739541e-02
   9.3300000e+02   1.3448374e-02
   9.3400000e+02   1.6645724e-02
   9.3500000e+02   1.3563514e-02
   9.3600000e+02   7.0481210e-03
   9.3700000e+02   9.3872035e-03
   9.3800000e+02   1.1009107e-02
   9.3900000e+02   1.1656208e-02
   9.4000000e+02   1.4830255e-02
   9.4100000e+02   1.7851536e-02
   9.4200000e+02   2.0324981e-02
   9.4300000e+02   2.5535093e-02
   9.4400000e+02   3.0847403e-02
   9.4500000e+02   3.2719119e-02
   9.4600000e+02   3.1141351e-02
   9.4700000e+02   2.9180369e-02
   9.4800000e+02   3.1673866e-02
   9.4900000e+02   3.2550746e-02
   9.5000000e+02   3.0233975e-02
   9.5100000e+02   3.0046935e-02
   9.5200000e+02   3.3685899e-02
   9.5300000e+02   3.5834103e-02
   9.5400000e+02   3.9196437e-02
   9.5500000e+02   4.4916737e-02
   9.5600000e+02   4.7376410e-02
   9.5700000e+02   5.7693206e-02
   9.5800000e+02   6.7628483e-02
   9.5900000e+02   7.4633220e-02
   9.6000000e+02   8.4257141e-02
   9.6100000e+02   9.0617598e-02
   9.6200000e+02   9.1794232e-02
   9.6300000e+02   9.6469471e-02
   9.6400000e+02   1.0084917e-01
   9.6500000e+02   1.0355222e-01
   9.6600000e+02   9.7996114e-02
   9.6700000e+02   9.4700623e-02
   9.6800000e+02   9.1497437e-02
   9.6900000e+02   8.4423859e-02
   9.7000000e+02   7.4863715e-02
   9.7100000e+02   6.7207981e-02
   9.7200000e+02   6.1414297e-02
   9.7300000e+02   5.7584643e-02
   9.7400000e+02   5.2951027e-02
   9.7500000e+02   4.4263018e-02
   9.7600000e+02   3.9835327e-02
   9.7700000e+02   3.6706512e-02
   9.7800000e+02   3.5023686e-02
   9.7900000e+02   3.1055243e-02
   9.8000000e+02   2.7162624e-02
   9.8100000e+02   2.3222172e-02
   9.8200000e+02   1.9525382e-02
   9.8300000e+02   1.7862894e-02
   9.8400000e+02   1.3299030e-02
   9.8500000e+02   8.2990493e-03
   9.8600000e+02   3.8433246e-03
   9.8700000e+02   1.5869240e-03
   9.8800000e+02   4.6131657e-03
   9.8900000e+02   4.6610910e-03
   9.9000000e+02   5.5863213e-03
   9.9100000e+02   5.4859275e-03
   9.9200000e+02   9.9090552e-04
   9.9300000e+02   1.6384529e-03
   9.9400000e+02   2.8896970e-03
   9.9500000e+02   2.5830839e-03
   9.9600000e+02   4.9918024e-03
   9.9700000e+02   7.1605810e-03
   9.9800000e+02   7.1025657e-03
   9.9900000e+02   1.1624221e-02
   1.0000000e+03   1.5084983e-02
   1.0010000e+03   1.4928891e-02
   1.0020000e+03   1.5637803e-02
   1.0030000e+03   1.7035431e-02
   1.0040000e+03   1.6979548e-02
   1.0050000e+03   1.9889850e-02
   1.0060000e+03   2.1779105e-02
   1.0070000e+03   2.5094986e-02
   1.0080000e+03   2.7543564e-02
   1.0090000e+03   2.8882401e-02
   1.0100000e+03   3.0287530e-02
   1.0110000e+03   3.5222882e-02
   1.0120000e+03   4.4290053e-02
   1.0130000e+03   4.9975664e-02
   1.0140000e+03   5.1611683e-02
   1.0150000e+03   5.4075251e-02
   1.0160000e+03   5.5975577e-02
   1.0170000e+03   6.0797614e-02
   1.0180000e+03   6.6178770e-02
   1.0190000e+03   7.4195942e-02
   1.0200000e+03   8.3750460e-02
   1.0210000e+03   8.8040900e-02
   1.0220000e+03   9.4267316e-02
   1.0230000e+03   9.8606963e-02
   1.0240000e+03   9.9880207e-02
   1.0250000e+03   9.9179782e-02
   1.0260000e+03   9.4004355e-02
   1.0270000e+03   8.6242799e-02
   1.0280000e+03   8.1223381e-02
   1.0290000e+03   7.4105509e-02
   1.0300000e+03   6.5344919e-02
   1.0310000e+03   5.8687457e-02
   1.0320000e+03   5.3696925e-02
   1.0330000e+03   4.9401496e-02
   1.0340000e+03   4.3292868e-02
   1.0350000e+03   4.0010265e-02
   1.0360000e+03   3.7958266e-02
   1.0370000e+03   3.4535881e-02
   1.0380000e+03   3.2741816e-02
   1.0390000e+03   3.3741617e-02
   1.0400000e+03   3.0385816e-02
   1.0410000e+03   2.6224869e-02
   1.0420000e+03   2.5212441e-02
   1.0430000e+03   2.3492166e-02
   1.0440000e+03   2.3003032e-02
   1.0450000e+03   2.5256110e-02
   1.0460000e+03   2.5830271e-02
   1.0470000e+03   2.0969837e-02
   1.0480000e+03   2.1451198e-02
   1.0490000e+03   2.2541066e-02
   1.0500000e+03   2.2351297e-02
   1.0510000e+03   2.2840407e-02
   1.0520000e+03   2.4943639e-02
   1.0530000e+03   2.6979262e-02
   1.0540000e+03   2.8771055e-02
   1.0550000e+03   3.1408392e-02
   1.0560000e+03   3.0589246e-02
   1.0570000e+03   2.8781981e-02
   1.0580000e+03   2.9852597e-02
   1.0590000e+03   3.3421686e-02
   1.0600000e+03   3.5786305e-02
   1.0610000e+03   3.5410302e-02
   1.0620000e+03   3.3178391e-02
   1.0630000e+03   3.0044317e-02
   1.0640000e+03   3.2433487e-02
   1.0650000e+03   3.1606250e-02
   1.0660000e+03   2.8354344e-02
   1.0670000e+03   2.6854257e-02
   1.0680000e+03   2.1616110e-02
   1.0690000e+03   1.7573945e-02
   1.0700000e+03   1.6168626e-02
   1.0710000e+03   1.4019443e-02
   1.0720000e+03   1.3776798e-02
   1.0730000e+03   1.4030711e-02
   1.0740000e+03   1.1205716e-02
   1.0750000e+03   8.3113576e-03
   1.0760000e+03   5.8895912e-03
   1.0770000e+03   5.9490624e-03
   1.0780000e+03   5.2991949e-03
   1.0790000e+03   4.6101650e-03
   1.0800000e+03  -9.5033252e-04
   1.0810000e+03  -2.1201730e-03
   1.0820000e+03   8.1525437e-04
   1.0830000e+03   3.2563017e-03
   1.0840000e+03   5.4147360e-03
   1.0850000e+03   1.2274196e-02
   1.0860000e+03   1.9245033e-02
   1.0870000e+03   2.3834477e-02
   1.0880000e+03   2.7914822e-02
   1.0890000e+03   3.0156397e-02
   1.0900000e+03   2.7857621e-02
   1.0910000e+03   2.6538381e-02
   1.0920000e+03   2.8035645e-02
   1.0930000e+03   3.2171258e-02
   1.0940000e+03   3.0995180e-02
   1.0950000e+03   2.8128420e-02
   1.0960000e+03   3.0134215e-02
   1.0970000e+03   3.0772611e-02
   1.0980000e+03   3.0659801e-02
   1.0990000e+03   2.9938516e-02
   1.1000000e+03   3.1797229e-02
   1.1010000e+03   3.6499271e-02
   1.1020000e+03   4.0618557e-02
   1.1030000e+03   4.2024831e-02
   1.1040000e+03   4.2452151e-02
   1.1050000e+03   4.1563407e-02
   1.1060000e+03   3.9829228e-02
   1.1070000e+03   3.9056257e-02
   1.1080000e+03   3.7234368e-02
   1.1090000e+03   3.4253351e-02
   1.1100000e+03   3.3974435e-02
   1.1110000e+03   3.1491176e-02
   1.1120000e+03   3.0993544e-02
   1.1130000e+03   2.8660746e-02
   1.1140000e+03   2.3654418e-02
   1.1150000e+03   1.8543451e-02
   1.1160000e+03   1.6139056e-02
   1.1170000e+03   1.5265174e-02
   1.1180000e+03   1.4258253e-02
   1.1190000e+03   1.3692039e-02
   1.1200000e+03   1.0661865e-02
   1.1210000e+03   7.7974755e-03
   1.1220000e+03   7.6984608e-03
   1.1230000e+03   1.2831390e-02
   1.1240000e+03   1.5402500e-02
   1.1250000e+03   1.5874117e-02
   1.1260000e+03   1.8135447e-02
   1.1270000e+03   2.2004557e-02
   1.1280000e+03   2.4763412e-02
   1.1290000e+03   2.8166431e-02
   1.1300000e+03   2.6746260e-02
   1.1310000e+03   2.8109435e-02
   1.1320000e+03   3.5159925e-02
   1.1330000e+03   3.7428905e-02
   1.1340000e+03   3.8383674e-02
   1.1350000e+03   4.1307952e-02
   1.1360000e+03   4.4268131e-02
   1.1370000e+03   5.0120753e-02
   1.1380000e+03   5.4553332e-02
   1.1390000e+03   5.6533152e-02
   1.1400000e+03   6.2399221e-02
   1.1410000e+03   6.5330445e-02
   1.1420000e+03   6.4248390e-02
   1.1430000e+03   6.4309204e-02
   1.1440000e+03   6.3906856e-02
   1.1450000e+03   6.4620552e-02
   1.1460000e+03   6.9659370e-02
   1.1470000e+03   7.1921274e-02
   1.1480000e+03   7.1226326e-02
   1.1490000e+03   6.8170771e-02
   1.1500000e+03   6.8327664e-02
   1.1510000e+03   6.8895011e-02
   1.1520000e+03   7.1120778e-02
   1.1530000e+03   7.1263103e-02
   1.1540000e+03   7.4226915e-02
   1.1550000e+03   8.1344469e-02
   1.1560000e+03   8.5303434e-02
   1.1570000e+03   9.2208840e-02
   1.1580000e+03   1.0069022e-01
   1.1590000e+03   1.0360226e-01
   1.1600000e+03   1.0586030e-01
   1.1610000e+03   1.0865457e-01
   1.1620000e+03   1.1280888e-01
   1.1630000e+03   1.2363752e-01
   1.1640000e+03   1.3678173e-01
   1.1650000e+03   1.4732048e-01
   1.1660000e+03   1.5587487e-01
   1.1670000e+03   1.7017478e-01
   1.1680000e+03   1.8449192e-01
   1.1690000e+03   2.0189987e-01
   1.1700000e+03   2.2150598e-01
   1.1710000e+03   2.4054933e-01
   1.1720000e+03   2.6384004e-01
   1.1730000e+03   2.8889601e-01
   1.1740000e+03   3.1373405e-01
   1.1750000e+03   3.4066375e-01
   1.1760000e+03   3.6623955e-01
   1.1770000e+03   3.9562637e-01
   1.1780000e+03   4.2817110e-01
   1.1790000e+03   4.5912719e-01
   1.1800000e+03   4.9089355e-01
   1.1810000e+03   5.2762671e-01
   1.1820000e+03   5.5932995e-01
   1.1830000e+03   5.8442537e-01
   1.1840000e+03   6.0810770e-01
   1.1850000e+03   6.2793598e-01
   1.1860000e+03   6.3799198e-01
   1.1870000e+03   6.3691885e-01
   1.1880000e+03   6.2755557e-01
   1.1890000e+03   6.1310807e-01
   1.1900000e+03   5.9323761e-01
   1.1910000e+03   5.7226246e-01
   1.1920000e+03   5.5143990e-01
   1.1930000e+03   5.3108671e-01
   1.1940000e+03   5.0877455e-01
   1.1950000e+03   4.9032674e-01
   1.1960000e+03   4.8108782e-01
   1.1970000e+03   4.7259241e-01
   1.1980000e+03   4.6624528e-01
   1.1990000e+03   4.6120265e-01
   1.2000000e+03   4.6512310e-01
   1.2010000e+03   4.6965972e-01
   1.2020000e+03   4.7215130e-01
   1.2030000e+03   4.7332703e-01
   1.2040000e+03   4.7484851e-01
   1.2050000e+03   4.7359884e-01
   1.2060000e+03   4.7037517e-01
   1.2070000e+03   4.6315656e-01
   1.2080000e+03   4.5094113e-01
   1.2090000e+03   4.3608622e-01
   1.2100000e+03   4.2058558e-01
   1.2110000e+03   4.0171579e-01
   1.2120000e+03   3.8089319e-01
   1.2130000e+03   3.6210217e-01
   1.2140000e+03   3.4740644e-01
   1.2150000e+03   3.3400674e-01
   1.2160000e+03   3.2008888e-01
   1.2170000e+03   3.0968754e-01
   1.2180000e+03   3.0654839e-01
   1.2190000e+03   3.0800845e-01
   1.2200000e+03   3.1638765e-01
   1.2210000e+03   3.2560673e-01
   1.2220000e+03   3.3776600e-01
   1.2230000e+03   3.6021548e-01
   1.2240000e+03   3.8822977e-01
   1.2250000e+03   4.2138826e-01
   1.2260000e+03   4.5726640e-01
   1.2270000e+03   5.0197302e-01
   1.2280000e+03   5.5031226e-01
   1.2290000e+03   5.9731482e-01
   1.2300000e+03   6.5056449e-01
   1.2310000e+03   7.0778899e-01
   1.2320000e+03   7.6261201e-01
   1.2330000e+03   8.1300081e-01
   1.2340000e+03   8.6721537e-01
   1.2350000e+03   9.2476429e-01
   1.2360000e+03   9.7744916e-01
   1.2370000e+03   1.0270998e+00
   1.2380000e+03   1.0808451e+00
   1.2390000e+03   1.1370838e+00
   1.2400000e+03   1.1839483e+00
   1.2410000e+03   1.2223777e+00
   1.2420000e+03   1.2528798e+00
   1.2430000e+03   1.2728661e+00
   1.2440000e+03   1.2901202e+00
   1.2450000e+03   1.3005821e+00
   1.2460000e+03   1.3079903e+00
   1.2470000e+03   1.3088605e+00
   1.2480000e+03   1.3018331e+00
   1.2490000e+03   1.2881325e+00
   1.2500000e+03   1.2768499e+00
   1.2510000e+03   1.2535923e+00
   1.2520000e+03   1.2216207e+00
   1.2530000e+03   1.1848700e+00
   1.2540000e+03   1.1412478e+00
   1.2550000e+03   1.0938494e+00
   1.2560000e+03   1.0398267e+00
   1.2570000e+03   9.8948354e-01
   1.2580000e+03   9.3716013e-01
   1.2590000e+03   8.7546586e-01
   1.2600000e+03   8.1493261e-01
   1.2610000e+03   7.5814374e-01
   1.2620000e+03   7.0432639e-01
   1.2630000e+03   6.5829149e-01
   1.2640000e+03   6.1264506e-01
   1.2650000e+03   5.6865347e-01
   1.2660000e+03   5.3315026e-01
   1.2670000e+03   5.0626606e-01
   1.2680000e+03   4.7791044e-01
   1.2690000e+03   4.5609265e-01
   1.2700000e+03   4.4078118e-01
   1.2710000e+03   4.2842022e-01
   1.2720000e+03   4.2132538e-01
   1.2730000e+03   4.1588516e-01
   1.2740000e+03   4.1431452e-01
   1.2750000e+03   4.1590843e-01
   1.2760000e+03   4.1039002e-01
   1.2770000e+03   4.0689808e-01
   1.2780000e+03   4.0183310e-01
   1.2790000e+03   3.9122598e-01
   1.2800000e+03   3.7796784e-01
   1.2810000e+03   3.6516072e-01
   1.2820000e+03   3.4744139e-01
   1.2830000e+03   3.2259879e-01
   1.2840000e+03   3.0462719e-01
   1.2850000e+03   2.8884937e-01
   1.2860000e+03   2.7219478e-01
   1.2870000e+03   2.6177930e-01
   1.2880000e+03   2.4894654e-01
   1.2890000e+03   2.3517014e-01
   1.2900000e+03   2.2154973e-01
   1.2910000e+03   2.0724353e-01
   1.2920000e+03   1.9446705e-01
   1.2930000e+03   1.8383949e-01
   1.2940000e+03   1.7722987e-01
   1.2950000e+03   1.6786726e-01
   1.2960000e+03   1.5701515e-01
   1.2970000e+03   1.4884648e-01
   1.2980000e+03   1.4424631e-01
   1.2990000e+03   1.4029857e-01
   1.3000000e+03   1.3533806e-01
   1.3010000e+03   1.3674809e-01
   1.3020000e+03   1.3555653e-01
   1.3030000e+03   1.3087836e-01
   1.3040000e+03   1.2957388e-01
   1.3050000e+03   1.3095100e-01
   1.3060000e+03   1.2747016e-01
   1.3070000e+03   1.2170760e-01
   1.3080000e+03   1.2283356e-01
   1.3090000e+03   1.2321841e-01
   1.3100000e+03   1.1922105e-01
   1.3110000e+03   1.1684700e-01
   1.3120000e+03   1.1408317e-01
   1.3130000e+03   1.1123141e-01
   1.3140000e+03   1.1026480e-01
   1.3150000e+03   1.1038824e-01
   1.3160000e+03   1.1086823e-01
   1.3170000e+03   1.0919700e-01
   1.3180000e+03   1.0751936e-01
   1.3190000e+03   1.0700052e-01
   1.3200000e+03   1.0592910e-01
   1.3210000e+03   1.0718436e-01
   1.3220000e+03   1.1218959e-01
   1.3230000e+03   1.1349849e-01
   1.3240000e+03   1.1448932e-01
   1.3250000e+03   1.1802958e-01
   1.3260000e+03   1.2134812e-01
   1.3270000e+03   1.2529673e-01
   1.3280000e+03   1.3226518e-01
   1.3290000e+03   1.3806997e-01
   1.3300000e+03   1.3969657e-01
   1.3310000e+03   1.4392591e-01
   1.3320000e+03   1.5035698e-01
   1.3330000e+03   1.5684890e-01
   1.3340000e+03   1.6225554e-01
   1.3350000e+03   1.7231635e-01
   1.3360000e+03   1.8038536e-01
   1.3370000e+03   1.8744607e-01
   1.3380000e+03   1.9273110e-01
   1.3390000e+03   2.0256432e-01
   1.3400000e+03   2.1148408e-01
   1.3410000e+03   2.1392571e-01
   1.3420000e+03   2.1968064e-01
   1.3430000e+03   2.2483754e-01
   1.3440000e+03   2.3255557e-01
   1.3450000e+03   2.4083905e-01
   1.3460000e+03   2.4965599e-01
   1.3470000e+03   2.5929187e-01
   1.3480000e+03   2.7231396e-01
   1.3490000e+03   2.8578494e-01
   1.3500000e+03   3.0372370e-01
   1.3510000e+03   3.2732152e-01
   1.3520000e+03   3.5269500e-01
   1.3530000e+03   3.7631557e-01
   1.3540000e+03   4.0113254e-01
   1.3550000e+03   4.3112515e-01
   1.3560000e+03   4.6209607e-01
   1.3570000e+03   4.9669883e-01
   1.3580000e+03   5.3927536e-01
   1.3590000e+03   5.8414627e-01
   1.3600000e+03   6.3145352e-01
   1.3610000e+03   6.8742647e-01
   1.3620000e+03   7.4772587e-01
   1.3630000e+03   8.1515638e-01
   1.3640000e+03   8.8884544e-01
   1.3650000e+03   9.7200371e-01
   1.3660000e+03   1.0655422e+00
   1.3670000e+03   1.1659993e+00
   1.3680000e+03   1.2748613e+00
   1.3690000e+03   1.3918903e+00
   1.3700000e+03   1.5174436e+00
   1.3710000e+03   1.6467953e+00
   1.3720000e+03   1.7760263e+00
   1.3730000e+03   1.9008204e+00
   1.3740000e+03   2.0190538e+00
   1.3750000e+03   2.1116047e+00
   1.3760000e+03   2.1777915e+00
   1.3770000e+03   2.2180722e+00
   1.3780000e+03   2.2217576e+00
   1.3790000e+03   2.1828556e+00
   1.3800000e+03   2.1197767e+00
   1.3810000e+03   2.0254506e+00
   1.3820000e+03   1.9007262e+00
   1.3830000e+03   1.7678974e+00
   1.3840000e+03   1.6223905e+00
   1.3850000e+03   1.4799817e+00
   1.3860000e+03   1.3556739e+00
   1.3870000e+03   1.2347261e+00
   1.3880000e+03   1.1184767e+00
   1.3890000e+03   1.0161478e+00
   1.3900000e+03   9.2036902e-01
   1.3910000e+03   8.3622145e-01
   1.3920000e+03   7.6490522e-01
   1.3930000e+03   7.0122638e-01
   1.3940000e+03   6.4377038e-01
   1.3950000e+03   5.9636762e-01
   1.3960000e+03   5.5966067e-01
   1.3970000e+03   5.2457864e-01
   1.3980000e+03   4.9492330e-01
   1.3990000e+03   4.7756342e-01
   1.4000000e+03   4.6091084e-01
   1.4010000e+03   4.4833017e-01
   1.4020000e+03   4.3681350e-01
   1.4030000e+03   4.3340755e-01
   1.4040000e+03   4.3183445e-01
   1.4050000e+03   4.2873428e-01
   1.4060000e+03   4.2721697e-01
   1.4070000e+03   4.3149930e-01
   1.4080000e+03   4.3771551e-01
   1.4090000e+03   4.4281958e-01
   1.4100000e+03   4.4460307e-01
   1.4110000e+03   4.5018387e-01
   1.4120000e+03   4.5770335e-01
   1.4130000e+03   4.6105621e-01
   1.4140000e+03   4.6487415e-01
   1.4150000e+03   4.7024200e-01
   1.4160000e+03   4.7281753e-01
   1.4170000e+03   4.7279008e-01
   1.4180000e+03   4.7370635e-01
   1.4190000e+03   4.7472436e-01
   1.4200000e+03   4.7030449e-01
   1.4210000e+03   4.6617874e-01
   1.4220000e+03   4.6203636e-01
   1.4230000e+03   4.5240597e-01
   1.4240000e+03   4.4166028e-01
   1.4250000e+03   4.2820430e-01
   1.4260000e+03   4.1389319e-01
   1.4270000e+03   3.9709332e-01
   1.4280000e+03   3.7819025e-01
   1.4290000e+03   3.5921810e-01
   1.4300000e+03   3.3961522e-01
   1.4310000e+03   3.2080604e-01
   1.4320000e+03   3.0297209e-01
   1.4330000e+03   2.8274578e-01
   1.4340000e+03   2.6509051e-01
   1.4350000e+03   2.5070451e-01
   1.4360000e+03   2.3820382e-01
   1.4370000e+03   2.2635457e-01
   1.4380000e+03   2.1503778e-01
   1.4390000e+03   2.0390942e-01
   1.4400000e+03   1.9916387e-01
   1.4410000e+03   1.9528966e-01
   1.4420000e+03   1.8921589e-01
   1.4430000e+03   1.8664212e-01
   1.4440000e+03   1.8670623e-01
   1.4450000e+03   1.8586423e-01
   1.4460000e+03   1.8299167e-01
   1.4470000e+03   1.8168929e-01
   1.4480000e+03   1.7899927e-01
   1.4490000e+03   1.7234155e-01
   1.4500000e+03   1.6748512e-01
   1.4510000e+03   1.6688192e-01
   1.4520000e+03   1.6504350e-01
   1.4530000e+03   1.6532688e-01
   1.4540000e+03   1.6664637e-01
   1.4550000e+03   1.6506350e-01
   1.4560000e+03   1.6585008e-01
   1.4570000e+03   1.6517904e-01
   1.4580000e+03   1.6271553e-01
   1.4590000e+03   1.6520294e-01
   1.4600000e+03   1.6879298e-01
   1.4610000e+03   1.6871613e-01
   1.4620000e+03   1.6847343e-01
   1.4630000e+03   1.6874372e-01
   1.4640000e+03   1.6965728e-01
   1.4650000e+03   1.6970904e-01
   1.4660000e+03   1.7430750e-01
   1.4670000e+03   1.8547126e-01
   1.4680000e+03   1.9870414e-01
   1.4690000e+03   2.1001341e-01
   1.4700000e+03   2.2602380e-01
   1.4710000e+03   2.4364380e-01
   1.4720000e+03   2.6014674e-01
   1.4730000e+03   2.8014649e-01
   1.4740000e+03   3.0528892e-01
   1.4750000e+03   3.3361270e-01
   1.4760000e+03   3.6435505e-01
   1.4770000e+03   3.9710268e-01
   1.4780000e+03   4.2857159e-01
   1.4790000e+03   4.5497487e-01
   1.4800000e+03   4.7812418e-01
   1.4810000e+03   5.0197225e-01
   1.4820000e+03   5.2526491e-01
   1.4830000e+03   5.3957421e-01
   1.4840000e+03   5.4800021e-01
   1.4850000e+03   5.5125300e-01
   1.4860000e+03   5.4030708e-01
   1.4870000e+03   5.2737385e-01
   1.4880000e+03   5.1263468e-01
   1.4890000e+03   4.7938996e-01
   1.4900000e+03   4.4583649e-01
   1.4910000e+03   4.1608873e-01
   1.4920000e+03   3.8535046e-01
   1.4930000e+03   3.5221312e-01
   1.4940000e+03   3.2361384e-01
   1.4950000e+03   2.9677600e-01
   1.4960000e+03   2.6858362e-01
   1.4970000e+03   2.4634986e-01
   1.4980000e+03   2.2487278e-01
   1.4990000e+03   2.0586185e-01
   1.5000000e+03   1.9244986e-01
   1.5010000e+03   1.7757206e-01
   1.5020000e+03   1.6442344e-01
   1.5030000e+03   1.5590025e-01
   1.5040000e+03   1.4577710e-01
   1.5050000e+03   1.3855398e-01
   1.5060000e+03   1.3154379e-01
   1.5070000e+03   1.2498327e-01
   1.5080000e+03   1.2006147e-01
   1.5090000e+03   1.1865145e-01
   1.5100000e+03   1.1835303e-01
   1.5110000e+03   1.1710829e-01
   1.5120000e+03   1.1528857e-01
   1.5130000e+03   1.1574345e-01
   1.5140000e+03   1.1719242e-01
   1.5150000e+03   1.1836311e-01
   1.5160000e+03   1.1538272e-01
   1.5170000e+03   1.1337324e-01
   1.5180000e+03   1.1431920e-01
   1.5190000e+03   1.1343859e-01
   1.5200000e+03   1.1169185e-01
   1.5210000e+03   1.0800775e-01
   1.5220000e+03   1.0669595e-01
   1.5230000e+03   1.0745193e-01
   1.5240000e+03   1.0293831e-01
   1.5250000e+03   1.0211283e-01
   1.5260000e+03   1.0653098e-01
   1.5270000e+03   1.0701673e-01
   1.5280000e+03   1.0592868e-01
   1.5290000e+03   1.0503028e-01
   1.5300000e+03   1.0483011e-01
   1.5310000e+03   9.9586969e-02
   1.5320000e+03   9.5575483e-02
   1.5330000e+03   9.3491757e-02
   1.5340000e+03   9.4104408e-02
   1.5350000e+03   9.3829968e-02
   1.5360000e+03   9.0650353e-02
   1.5370000e+03   8.7260206e-02
   1.5380000e+03   8.9818479e-02
   1.5390000e+03   8.8708305e-02
   1.5400000e+03   8.5094662e-02
   1.5410000e+03   8.0321840e-02
   1.5420000e+03   7.6846486e-02
   1.5430000e+03   7.7741520e-02
   1.5440000e+03   7.7660520e-02
   1.5450000e+03   6.9545262e-02
   1.5460000e+03   6.5807121e-02
   1.5470000e+03   6.2721909e-02
   1.5480000e+03   5.8825662e-02
   1.5490000e+03   5.7806283e-02
   1.5500000e+03   5.6985341e-02
   1.5510000e+03   5.2329503e-02
   1.5520000e+03   4.6812555e-02
   1.5530000e+03   4.3495610e-02
   1.5540000e+03   3.8979509e-02
   1.5550000e+03   3.4945584e-02
   1.5560000e+03   3.3897111e-02
   1.5570000e+03   3.4436221e-02
   1.5580000e+03   3.0648569e-02
   1.5590000e+03   2.2629006e-02
   1.5600000e+03   1.9178854e-02
   1.5610000e+03   1.9535055e-02
   1.5620000e+03   1.9620960e-02
   1.5630000e+03   1.8376763e-02
   1.5640000e+03   2.3451096e-02
   1.5650000e+03   2.5531650e-02
   1.5660000e+03   2.1083798e-02
   1.5670000e+03   2.1405717e-02
   1.5680000e+03   2.1281815e-02
   1.5690000e+03   1.9360781e-02
   1.5700000e+03   2.2997375e-02
   1.5710000e+03   2.7141845e-02
   1.5720000e+03   2.9998627e-02
   1.5730000e+03   2.9875847e-02
   1.5740000e+03   3.0008835e-02
   1.5750000e+03   3.2162716e-02
   1.5760000e+03   3.2334695e-02
   1.5770000e+03   3.2589387e-02
   1.5780000e+03   3.4041825e-02
   1.5790000e+03   3.4459132e-02
   1.5800000e+03   3.9113358e-02
   1.5810000e+03   3.7791235e-02
   1.5820000e+03   3.2271079e-02
   1.5830000e+03   2.7882943e-02
   1.5840000e+03   2.5529334e-02
   1.5850000e+03   2.5310363e-02
   1.5860000e+03   2.3978888e-02
   1.5870000e+03   2.4037151e-02
   1.5880000e+03   2.2947844e-02
   1.5890000e+03   2.0326224e-02
   1.5900000e+03   1.9659752e-02
   1.5910000e+03   2.0918925e-02
   1.5920000e+03   1.8639266e-02
   1.5930000e+03   1.5725867e-02
   1.5940000e+03   1.3200263e-02
   1.5950000e+03   1.2147340e-02
   1.5960000e+03   1.0465645e-02
   1.5970000e+03   8.5036209e-03
   1.5980000e+03   9.4661626e-03
   1.5990000e+03   8.6658997e-03
   1.6000000e+03   8.9089718e-03
   1.6010000e+03   1.6369360e-02
   1.6020000e+03   2.2204010e-02
   1.6030000e+03   2.5202222e-02
   1.6040000e+03   3.0262712e-02
   1.6050000e+03   2.7145507e-02
   1.6060000e+03   2.9020240e-02
   1.6070000e+03   3.2908022e-02
   1.6080000e+03   3.6891025e-02
   1.6090000e+03   5.2665159e-02
   1.6100000e+03   6.3828549e-02
   1.6110000e+03   7.1023911e-02
   1.6120000e+03   7.5964853e-02
   1.6130000e+03   8.3206788e-02
   1.6140000e+03   9.1071933e-02
   1.6150000e+03   9.4810484e-02
   1.6160000e+03   9.9620691e-02
   1.6170000e+03   1.0526457e-01
   1.6180000e+03   1.1051210e-01
   1.6190000e+03   1.1751024e-01
   1.6200000e+03   1.2828381e-01
   1.6210000e+03   1.4303082e-01
   1.6220000e+03   1.5718055e-01
   1.6230000e+03   1.7442390e-01
   1.6240000e+03   1.9008941e-01
   1.6250000e+03   2.0267242e-01
   1.6260000e+03   2.1594146e-01
   1.6270000e+03   2.3078149e-01
   1.6280000e+03   2.4478448e-01
   1.6290000e+03   2.6444159e-01
   1.6300000e+03   2.8772116e-01
   1.6310000e+03   3.1311487e-01
   1.6320000e+03   3.4356100e-01
   1.6330000e+03   3.8092474e-01
   1.6340000e+03   4.1959800e-01
   1.6350000e+03   4.6292258e-01
   1.6360000e+03   5.1571659e-01
   1.6370000e+03   5.7729545e-01
   1.6380000e+03   6.3913108e-01
   1.6390000e+03   7.0902658e-01
   1.6400000e+03   7.9216052e-01
   1.6410000e+03   8.7875171e-01
   1.6420000e+03   9.7076312e-01
   1.6430000e+03   1.0662448e+00
   1.6440000e+03   1.1714592e+00
   1.6450000e+03   1.2790164e+00
   1.6460000e+03   1.3840924e+00
   1.6470000e+03   1.4907095e+00
   1.6480000e+03   1.5832048e+00
   1.6490000e+03   1.6709856e+00
   1.6500000e+03   1.7521243e+00
   1.6510000e+03   1.8173670e+00
   1.6520000e+03   1.8692982e+00
   1.6530000e+03   1.9069191e+00
   1.6540000e+03   1.9259827e+00
   1.6550000e+03   1.9323342e+00
   1.6560000e+03   1.9365970e+00
   1.6570000e+03   1.9352521e+00
   1.6580000e+03   1.9135145e+00
   1.6590000e+03   1.8874145e+00
   1.6600000e+03   1.8548242e+00
   1.6610000e+03   1.8179553e+00
   1.6620000e+03   1.7834507e+00
   1.6630000e+03   1.7466698e+00
   1.6640000e+03   1.7014585e+00
   1.6650000e+03   1.6536641e+00
   1.6660000e+03   1.6076286e+00
   1.6670000e+03   1.5545663e+00
   1.6680000e+03   1.4994611e+00
   1.6690000e+03   1.4412075e+00
   1.6700000e+03   1.3806739e+00
   1.6710000e+03   1.3236184e+00
   1.6720000e+03   1.2784273e+00
   1.6730000e+03   1.2263636e+00
   1.6740000e+03   1.1712099e+00
   1.6750000e+03   1.1188259e+00
   1.6760000e+03   1.0712889e+00
   1.6770000e+03   1.0243972e+00
   1.6780000e+03   9.7795711e-01
   1.6790000e+03   9.4079204e-01
   1.6800000e+03   9.0966735e-01
   1.6810000e+03   8.7661489e-01
   1.6820000e+03   8.4766279e-01
   1.6830000e+03   8.1297184e-01
   1.6840000e+03   7.8550330e-01
   1.6850000e+03   7.6145247e-01
   1.6860000e+03   7.3399053e-01
   1.6870000e+03   7.0932490e-01
   1.6880000e+03   6.9092463e-01
   1.6890000e+03   6.6763435e-01
   1.6900000e+03   6.4517338e-01
   1.6910000e+03   6.2810577e-01
   1.6920000e+03   6.1090217e-01
   1.6930000e+03   5.9535967e-01
   1.6940000e+03   5.7398104e-01
   1.6950000e+03   5.5114103e-01
   1.6960000e+03   5.3247357e-01
   1.6970000e+03   5.1456035e-01
   1.6980000e+03   4.9184950e-01
   1.6990000e+03   4.7146486e-01
   1.7000000e+03   4.5517727e-01
   1.7010000e+03   4.3597763e-01
   1.7020000e+03   4.2014177e-01
   1.7030000e+03   4.0510808e-01
   1.7040000e+03   3.8422931e-01
   1.7050000e+03   3.6276294e-01
   1.7060000e+03   3.4576645e-01
   1.7070000e+03   3.2638267e-01
   1.7080000e+03   3.1265394e-01
   1.7090000e+03   2.9770888e-01
   1.7100000e+03   2.8177028e-01
   1.7110000e+03   2.6854018e-01
   1.7120000e+03   2.5728529e-01
   1.7130000e+03   2.4406507e-01
   1.7140000e+03   2.3026522e-01
   1.7150000e+03   2.1615948e-01
   1.7160000e+03   2.0143443e-01
   1.7170000e+03   1.8986277e-01
   1.7180000e+03   1.7840016e-01
   1.7190000e+03   1.6371631e-01
   1.7200000e+03   1.5242146e-01
   1.7210000e+03   1.4482949e-01
   1.7220000e+03   1.3498383e-01
   1.7230000e+03   1.2252268e-01
   1.7240000e+03   1.0979446e-01
   1.7250000e+03   1.0166249e-01
   1.7260000e+03   9.7483556e-02
   1.7270000e+03   9.2912844e-02
   1.7280000e+03   8.7320196e-02
   1.7290000e+03   7.9842627e-02
   1.7300000e+03   7.4473176e-02
   1.7310000e+03   6.8730781e-02
   1.7320000e+03   6.4039879e-02
   1.7330000e+03   6.0728003e-02
   1.7340000e+03   5.4693365e-02
   1.7350000e+03   4.5927188e-02
   1.7360000e+03   4.1308985e-02
   1.7370000e+03   3.9570588e-02
   1.7380000e+03   3.9226384e-02
   1.7390000e+03   3.9028956e-02
   1.7400000e+03   3.5074725e-02
   1.7410000e+03   3.2608991e-02
   1.7420000e+03   3.2847294e-02
   1.7430000e+03   3.2287149e-02
   1.7440000e+03   2.7750846e-02
   1.7450000e+03   2.7138514e-02
   1.7460000e+03   2.5556596e-02
   1.7470000e+03   2.3461988e-02
   1.7480000e+03   2.3934143e-02
   1.7490000e+03   2.2315221e-02
   1.7500000e+03   2.0729909e-02
   1.7510000e+03   1.9776210e-02
   1.7520000e+03   1.8452925e-02
   1.7530000e+03   1.7741106e-02
   1.7540000e+03   1.6587048e-02
   1.7550000e+03   1.5157561e-02
   1.7560000e+03   1.2926052e-02
   1.7570000e+03   1.0520452e-02
   1.7580000e+03   1.1720119e-02
   1.7590000e+03   9.0897432e-03
   1.7600000e+03   7.3758235e-03
   1.7610000e+03   8.1526253e-03
   1.7620000e+03   8.6703384e-03
   1.7630000e+03   7.4993647e-03
   1.7640000e+03   8.1341820e-03
   1.7650000e+03   1.2301457e-02
   1.7660000e+03   1.2025655e-02
   1.7670000e+03   1.4634022e-02
   1.7680000e+03   1.6457238e-02
   1.7690000e+03   1.7787071e-02
   1.7700000e+03   2.0761897e-02
   1.7710000e+03   2.1642648e-02
   1.7720000e+03   2.1522427e-02
   1.7730000e+03   2.2571181e-02
   1.7740000e+03   2.3423347e-02
   1.7750000e+03   2.4530162e-02
   1.7760000e+03   2.4097630e-02
   1.7770000e+03   2.3002843e-02
   1.7780000e+03   2.2095723e-02
   1.7790000e+03   2.3385883e-02
   1.7800000e+03   2.5401312e-02
   1.7810000e+03   2.4790435e-02
   1.7820000e+03   2.4200380e-02
   1.7830000e+03   2.3931188e-02
   1.7840000e+03   2.3644790e-02
   1.7850000e+03   2.5004900e-02
   1.7860000e+03   2.7407419e-02
   1.7870000e+03   2.6641564e-02
   1.7880000e+03   2.7895067e-02
   1.7890000e+03   2.8168767e-02
   1.7900000e+03   2.6165962e-02
   1.7910000e+03   2.7091395e-02
   1.7920000e+03   2.7866625e-02
   1.7930000e+03   2.9658058e-02
   1.7940000e+03   3.1492032e-02
   1.7950000e+03   3.1976333e-02
   1.7960000e+03   3.0659738e-02
   1.7970000e+03   2.9726011e-02
   1.7980000e+03   3.1418583e-02
   1.7990000e+03   3.2633808e-02
