   3.5100000e+02   2.8521614e-03
   3.5200000e+02   2.6565622e-03
   3.5300000e+02   7.9940138e-03
   3.5400000e+02   8.9840725e-03
   3.5500000e+02   1.1150667e-02
   3.5600000e+02   2.7660855e-04
   3.5700000e+02  -1.8563664e-03
   3.5800000e+02  -1.1309221e-03
   3.5900000e+02   2.2873533e-03
   3.6000000e+02   8.4941085e-03
   3.6100000e+02   9.6878224e-03
   3.6200000e+02   1.1335079e-02
   3.6300000e+02   1.7515483e-02
   3.6400000e+02   1.6103133e-02
   3.6500000e+02   8.0759012e-03
   3.6600000e+02   2.1620248e-03
   3.6700000e+02   1.2314304e-02
   3.6800000e+02   2.6789949e-02
   3.6900000e+02   3.8374001e-02
   3.7000000e+02   4.8937740e-02
   3.7100000e+02   3.1159314e-02
   3.7200000e+02   1.5338455e-02
   3.7300000e+02   5.3149654e-03
   3.7400000e+02   8.2947516e-03
   3.7500000e+02   6.7241909e-03
   3.7600000e+02   1.5049564e-02
   3.7700000e+02   2.3528822e-02
   3.7800000e+02   4.3086001e-02
   3.7900000e+02   3.9126213e-02
   3.8000000e+02   1.4009271e-02
   3.8100000e+02   2.4534817e-03
   3.8200000e+02  -8.4176881e-03
   3.8300000e+02  -9.4913860e-03
   3.8400000e+02   9.7393976e-03
   3.8500000e+02   1.7244189e-02
   3.8600000e+02   3.1892176e-03
   3.8700000e+02   1.0912094e-02
   3.8800000e+02   2.0665187e-02
   3.8900000e+02   8.0507468e-03
   3.9000000e+02  -1.0013229e-02
   3.9100000e+02  -2.4189348e-02
   3.9200000e+02  -1.8201878e-02
   3.9300000e+02  -1.5909960e-02
   3.9400000e+02  -4.9022248e-03
   3.9500000e+02   1.0684820e-02
   3.9600000e+02   7.2931045e-04
   3.9700000e+02  -1.2230118e-02
   3.9800000e+02  -2.3899028e-02
   3.9900000e+02  -2.1910721e-02
   4.0000000e+02  -8.9508652e-03
   4.0100000e+02  -4.3972701e-03
   4.0200000e+02  -9.6818122e-04
   4.0300000e+02  -6.2753411e-03
   4.0400000e+02  -1.5597181e-02
   4.0500000e+02   5.8086932e-03
   4.0600000e+02   3.0846284e-03
   4.0700000e+02  -1.5556914e-02
   4.0800000e+02   1.5885736e-03
   4.0900000e+02   9.4884006e-03
   4.1000000e+02   9.0027702e-03
   4.1100000e+02   4.7943242e-03
   4.1200000e+02   5.1317241e-03
   4.1300000e+02   9.5795985e-03
   4.1400000e+02   1.7330818e-02
   4.1500000e+02   5.4223331e-03
   4.1600000e+02  -6.7658123e-03
   4.1700000e+02   1.6136194e-02
   4.1800000e+02   3.9420789e-02
   4.1900000e+02   4.5657194e-02
   4.2000000e+02   4.3912477e-02
   4.2100000e+02   4.3815219e-02
   4.2200000e+02   4.3642360e-02
   4.2300000e+02   6.1324356e-02
   4.2400000e+02   7.3191212e-02
   4.2500000e+02   7.7659398e-02
   4.2600000e+02   8.9379359e-02
   4.2700000e+02   8.2667594e-02
   4.2800000e+02   7.3676142e-02
   4.2900000e+02   8.9427927e-02
   4.3000000e+02   9.9634765e-02
   4.3100000e+02   9.5825659e-02
   4.3200000e+02   9.8908085e-02
   4.3300000e+02   1.0576684e-01
   4.3400000e+02   1.1384270e-01
   4.3500000e+02   1.2653500e-01
   4.3600000e+02   1.3099241e-01
   4.3700000e+02   1.3396764e-01
   4.3800000e+02   1.2450464e-01
   4.3900000e+02   1.2057339e-01
   4.4000000e+02   1.2004533e-01
   4.4100000e+02   1.1574842e-01
   4.4200000e+02   8.8511749e-02
   4.4300000e+02   7.9073431e-02
   4.4400000e+02   9.8053647e-02
   4.4500000e+02   8.7877802e-02
   4.4600000e+02   6.5922589e-02
   4.4700000e+02   6.1200526e-02
   4.4800000e+02   6.6931291e-02
   4.4900000e+02   6.5335146e-02
   4.5000000e+02   7.0490897e-02
   4.5100000e+02   5.9385609e-02
   4.5200000e+02   5.7389385e-02
   4.5300000e+02   6.2471838e-02
   4.5400000e+02   7.2049053e-02
   4.5500000e+02   7.6492712e-02
   4.5600000e+02   6.6687258e-02
   4.5700000e+02   7.3081025e-02
   4.5800000e+02   6.6320868e-02
   4.5900000e+02   5.5849496e-02
   4.6000000e+02   5.7148945e-02
   4.6100000e+02   7.2727064e-02
   4.6200000e+02   6.4030356e-02
   4.6300000e+02   5.0346239e-02
   4.6400000e+02   3.6199287e-02
   4.6500000e+02   3.3938385e-02
   4.6600000e+02   3.3455702e-02
   4.6700000e+02   3.4150035e-02
   4.6800000e+02   4.2958037e-02
   4.6900000e+02   3.8907254e-02
   4.7000000e+02   3.2018434e-02
   4.7100000e+02   4.0057515e-02
   4.7200000e+02   3.3918434e-02
   4.7300000e+02   3.3444632e-02
   4.7400000e+02   3.6803075e-02
   4.7500000e+02   2.2849241e-02
   4.7600000e+02   6.3393023e-03
   4.7700000e+02  -4.9400337e-03
   4.7800000e+02   1.4299011e-03
   4.7900000e+02  -1.7806207e-03
   4.8000000e+02  -4.8083648e-03
   4.8100000e+02  -5.9532498e-03
   4.8200000e+02  -4.1015731e-03
   4.8300000e+02  -2.2308269e-03
   4.8400000e+02   2.1800896e-03
   4.8500000e+02   5.8038983e-03
   4.8600000e+02   5.8072929e-03
   4.8700000e+02   1.6887383e-03
   4.8800000e+02   9.6137235e-03
   4.8900000e+02   1.3172399e-02
   4.9000000e+02   2.7655274e-02
   4.9100000e+02   1.0099097e-02
   4.9200000e+02  -6.2481308e-03
   4.9300000e+02   3.1373447e-03
   4.9400000e+02   7.1748353e-03
   4.9500000e+02   5.7969914e-03
   4.9600000e+02   2.4176970e-02
   4.9700000e+02   2.4255347e-02
   4.9800000e+02   2.1232928e-02
   4.9900000e+02   2.1445861e-02
   5.0000000e+02   3.1007944e-02
   5.0100000e+02   2.7472562e-02
   5.0200000e+02   1.3072026e-02
   5.0300000e+02   1.2518082e-02
   5.0400000e+02   3.2124072e-02
   5.0500000e+02   3.7313140e-02
   5.0600000e+02   1.7621161e-02
   5.0700000e+02   5.0145340e-03
   5.0800000e+02   1.9117280e-02
   5.0900000e+02   2.2834980e-02
   5.1000000e+02   1.7242642e-02
   5.1100000e+02   6.3925720e-03
   5.1200000e+02  -9.1502327e-04
   5.1300000e+02   1.2040584e-02
   5.1400000e+02   2.5287139e-02
   5.1500000e+02   3.9685782e-02
   5.1600000e+02   4.6028680e-02
   5.1700000e+02   5.4340133e-02
   5.1800000e+02   4.8846582e-02
   5.1900000e+02   4.4969076e-02
   5.2000000e+02   3.9504994e-02
   5.2100000e+02   2.9050275e-02
   5.2200000e+02   4.2361935e-02
   5.2300000e+02   5.1508432e-02
   5.2400000e+02   7.0405708e-02
   5.2500000e+02   6.3110298e-02
   5.2600000e+02   5.8964172e-02
   5.2700000e+02   7.8629597e-02
   5.2800000e+02   1.0414055e-01
   5.2900000e+02   1.2975841e-01
   5.3000000e+02   1.3239589e-01
   5.3100000e+02   1.5015357e-01
   5.3200000e+02   1.7369656e-01
   5.3300000e+02   1.9342234e-01
   5.3400000e+02   1.9688312e-01
   5.3500000e+02   1.8058987e-01
   5.3600000e+02   1.6079283e-01
   5.3700000e+02   1.6340384e-01
   5.3800000e+02   1.7969083e-01
   5.3900000e+02   1.9479500e-01
   5.4000000e+02   1.9137226e-01
   5.4100000e+02   1.7527874e-01
   5.4200000e+02   1.6795939e-01
   5.4300000e+02   1.4872661e-01
   5.4400000e+02   1.2406881e-01
   5.4500000e+02   1.1646528e-01
   5.4600000e+02   1.1594767e-01
   5.4700000e+02   1.1095503e-01
   5.4800000e+02   9.5281214e-02
   5.4900000e+02   8.2730565e-02
   5.5000000e+02   1.0178599e-01
   5.5100000e+02   1.2111658e-01
   5.5200000e+02   1.2652190e-01
   5.5300000e+02   1.2234297e-01
   5.5400000e+02   1.3372868e-01
   5.5500000e+02   1.4111241e-01
   5.5600000e+02   1.4456810e-01
   5.5700000e+02   1.4194983e-01
   5.5800000e+02   1.4300315e-01
   5.5900000e+02   1.4915509e-01
   5.6000000e+02   1.4880037e-01
   5.6100000e+02   1.4329696e-01
   5.6200000e+02   1.3033233e-01
   5.6300000e+02   1.2253140e-01
   5.6400000e+02   1.2038391e-01
   5.6500000e+02   1.1581146e-01
   5.6600000e+02   1.1438489e-01
   5.6700000e+02   1.2353128e-01
   5.6800000e+02   1.2487636e-01
   5.6900000e+02   1.2036234e-01
   5.7000000e+02   1.1812994e-01
   5.7100000e+02   1.2395817e-01
   5.7200000e+02   1.2599743e-01
   5.7300000e+02   1.1019961e-01
   5.7400000e+02   1.0869050e-01
   5.7500000e+02   1.0074015e-01
   5.7600000e+02   9.1534263e-02
   5.7700000e+02   8.2051576e-02
   5.7800000e+02   7.9216662e-02
   5.7900000e+02   7.1829084e-02
   5.8000000e+02   7.2872472e-02
   5.8100000e+02   7.4006186e-02
   5.8200000e+02   6.5954861e-02
   5.8300000e+02   6.7903650e-02
   5.8400000e+02   7.4987022e-02
   5.8500000e+02   7.0533451e-02
   5.8600000e+02   5.3428799e-02
   5.8700000e+02   5.0689429e-02
   5.8800000e+02   6.8278496e-02
   5.8900000e+02   8.7906514e-02
   5.9000000e+02   8.5577307e-02
   5.9100000e+02   6.4217566e-02
   5.9200000e+02   5.6107146e-02
   5.9300000e+02   7.1856121e-02
   5.9400000e+02   7.9404952e-02
   5.9500000e+02   6.9175543e-02
   5.9600000e+02   7.4811956e-02
   5.9700000e+02   9.0932437e-02
   5.9800000e+02   9.1536472e-02
   5.9900000e+02   8.6385083e-02
   6.0000000e+02   9.8733249e-02
   6.0100000e+02   8.7189176e-02
   6.0200000e+02   7.8477696e-02
   6.0300000e+02   9.9469944e-02
   6.0400000e+02   1.1557572e-01
   6.0500000e+02   1.0779892e-01
   6.0600000e+02   1.0905570e-01
   6.0700000e+02   1.2550774e-01
   6.0800000e+02   1.5946246e-01
   6.0900000e+02   1.7151843e-01
   6.1000000e+02   1.8091243e-01
   6.1100000e+02   1.6583497e-01
   6.1200000e+02   1.3476620e-01
   6.1300000e+02   1.3474257e-01
   6.1400000e+02   1.4154739e-01
   6.1500000e+02   1.3835418e-01
   6.1600000e+02   1.3410632e-01
   6.1700000e+02   1.3680462e-01
   6.1800000e+02   1.5215320e-01
   6.1900000e+02   1.7883334e-01
   6.2000000e+02   2.0134475e-01
   6.2100000e+02   2.2357283e-01
   6.2200000e+02   2.3475947e-01
   6.2300000e+02   2.5381935e-01
   6.2400000e+02   2.9158655e-01
   6.2500000e+02   3.3577846e-01
   6.2600000e+02   3.8658767e-01
   6.2700000e+02   4.0988074e-01
   6.2800000e+02   4.1645469e-01
   6.2900000e+02   4.5320014e-01
   6.3000000e+02   4.8293301e-01
   6.3100000e+02   4.9807055e-01
   6.3200000e+02   4.7599072e-01
   6.3300000e+02   4.4708489e-01
   6.3400000e+02   4.5223843e-01
   6.3500000e+02   4.4527559e-01
   6.3600000e+02   4.2446632e-01
   6.3700000e+02   4.0154975e-01
   6.3800000e+02   3.9831144e-01
   6.3900000e+02   4.0428470e-01
   6.4000000e+02   4.1390228e-01
   6.4100000e+02   4.5283148e-01
   6.4200000e+02   4.6849022e-01
   6.4300000e+02   4.6798510e-01
   6.4400000e+02   4.7995670e-01
   6.4500000e+02   5.0309163e-01
   6.4600000e+02   5.1849353e-01
   6.4700000e+02   5.1125319e-01
   6.4800000e+02   4.7817250e-01
   6.4900000e+02   4.4820720e-01
   6.5000000e+02   4.1982366e-01
   6.5100000e+02   3.8925452e-01
   6.5200000e+02   3.4061388e-01
   6.5300000e+02   2.8219994e-01
   6.5400000e+02   2.3235485e-01
   6.5500000e+02   1.9079621e-01
   6.5600000e+02   1.4966741e-01
   6.5700000e+02   1.1763070e-01
   6.5800000e+02   8.3352072e-02
   6.5900000e+02   6.7741142e-02
   6.6000000e+02   6.8840520e-02
   6.6100000e+02   5.7500575e-02
   6.6200000e+02   3.3037597e-02
   6.6300000e+02   2.9296957e-02
   6.6400000e+02   2.9274052e-02
   6.6500000e+02   2.5384546e-02
   6.6600000e+02   1.3136782e-02
   6.6700000e+02   9.6541183e-03
   6.6800000e+02   1.1003064e-02
   6.6900000e+02   1.9977689e-02
   6.7000000e+02   2.5436309e-02
   6.7100000e+02   2.3550442e-02
   6.7200000e+02   2.1524430e-02
   6.7300000e+02   2.5359971e-02
   6.7400000e+02   2.5764241e-02
   6.7500000e+02   2.7395293e-02
   6.7600000e+02   3.5831488e-02
   6.7700000e+02   4.4493886e-02
   6.7800000e+02   3.8032865e-02
   6.7900000e+02   4.4757106e-02
   6.8000000e+02   4.2042610e-02
   6.8100000e+02   3.0041690e-02
   6.8200000e+02   4.3690778e-02
   6.8300000e+02   5.1891707e-02
   6.8400000e+02   5.1831726e-02
   6.8500000e+02   3.1005004e-02
   6.8600000e+02   1.7458594e-02
   6.8700000e+02   1.6771541e-02
   6.8800000e+02   2.0396134e-02
   6.8900000e+02   2.3454129e-02
   6.9000000e+02   2.9497205e-02
   6.9100000e+02   3.7734069e-02
   6.9200000e+02   4.2586616e-02
   6.9300000e+02   4.5817800e-02
   6.9400000e+02   5.1022087e-02
   6.9500000e+02   5.4732246e-02
   6.9600000e+02   6.9816798e-02
   6.9700000e+02   8.5208793e-02
   6.9800000e+02   9.0788102e-02
   6.9900000e+02   1.1608177e-01
   7.0000000e+02   1.6007232e-01
   7.0100000e+02   1.7734879e-01
   7.0200000e+02   1.8585310e-01
   7.0300000e+02   2.2219699e-01
   7.0400000e+02   2.6922288e-01
   7.0500000e+02   3.0048844e-01
   7.0600000e+02   3.1496918e-01
   7.0700000e+02   3.3245706e-01
   7.0800000e+02   3.5730264e-01
   7.0900000e+02   3.7881502e-01
   7.1000000e+02   3.9686923e-01
   7.1100000e+02   4.1456970e-01
   7.1200000e+02   4.2930596e-01
   7.1300000e+02   4.5156215e-01
   7.1400000e+02   4.5512161e-01
   7.1500000e+02   4.6948879e-01
   7.1600000e+02   5.0219659e-01
   7.1700000e+02   5.3661280e-01
   7.1800000e+02   5.7733855e-01
   7.1900000e+02   6.1350537e-01
   7.2000000e+02   6.5670634e-01
   7.2100000e+02   7.0607380e-01
   7.2200000e+02   7.5202886e-01
   7.2300000e+02   8.0974288e-01
   7.2400000e+02   8.4343791e-01
   7.2500000e+02   8.5852637e-01
   7.2600000e+02   8.4679210e-01
   7.2700000e+02   8.2811519e-01
   7.2800000e+02   8.1334918e-01
   7.2900000e+02   7.7046428e-01
   7.3000000e+02   7.1923732e-01
   7.3100000e+02   6.5670333e-01
   7.3200000e+02   5.8712986e-01
   7.3300000e+02   5.1899553e-01
   7.3400000e+02   4.4554660e-01
   7.3500000e+02   3.6389366e-01
   7.3600000e+02   2.9209600e-01
   7.3700000e+02   2.3724746e-01
   7.3800000e+02   2.0352194e-01
   7.3900000e+02   1.8764704e-01
   7.4000000e+02   1.7116278e-01
   7.4100000e+02   1.5549029e-01
   7.4200000e+02   1.4274943e-01
   7.4300000e+02   1.3045924e-01
   7.4400000e+02   1.1889332e-01
   7.4500000e+02   1.2034202e-01
   7.4600000e+02   1.2933629e-01
   7.4700000e+02   1.2477475e-01
   7.4800000e+02   1.2883870e-01
   7.4900000e+02   1.3691722e-01
   7.5000000e+02   1.4413962e-01
   7.5100000e+02   1.6124947e-01
   7.5200000e+02   1.7214447e-01
   7.5300000e+02   1.8319681e-01
   7.5400000e+02   2.0323106e-01
   7.5500000e+02   2.1658175e-01
   7.5600000e+02   2.3486269e-01
   7.5700000e+02   2.5534080e-01
   7.5800000e+02   2.6123254e-01
   7.5900000e+02   2.8023814e-01
   7.6000000e+02   3.1512765e-01
   7.6100000e+02   3.3772554e-01
   7.6200000e+02   3.6463889e-01
   7.6300000e+02   3.9982276e-01
   7.6400000e+02   4.3489976e-01
   7.6500000e+02   4.5866527e-01
   7.6600000e+02   4.7911947e-01
   7.6700000e+02   5.0787304e-01
   7.6800000e+02   5.3531361e-01
   7.6900000e+02   5.6459457e-01
   7.7000000e+02   5.9876798e-01
   7.7100000e+02   6.2663742e-01
   7.7200000e+02   6.5271201e-01
   7.7300000e+02   6.9318066e-01
   7.7400000e+02   7.7343584e-01
   7.7500000e+02   8.6788861e-01
   7.7600000e+02   9.6886332e-01
   7.7700000e+02   1.0945884e+00
   7.7800000e+02   1.2397973e+00
   7.7900000e+02   1.3877182e+00
   7.8000000e+02   1.5139419e+00
   7.8100000e+02   1.6149494e+00
   7.8200000e+02   1.6762670e+00
   7.8300000e+02   1.7152170e+00
   7.8400000e+02   1.7043363e+00
   7.8500000e+02   1.6518764e+00
   7.8600000e+02   1.5552333e+00
   7.8700000e+02   1.4290211e+00
   7.8800000e+02   1.2813800e+00
   7.8900000e+02   1.1443048e+00
   7.9000000e+02   9.9262670e-01
   7.9100000e+02   8.2722674e-01
   7.9200000e+02   6.7328594e-01
   7.9300000e+02   5.4219601e-01
   7.9400000e+02   4.4787552e-01
   7.9500000e+02   3.6735403e-01
   7.9600000e+02   3.0149277e-01
   7.9700000e+02   2.5019101e-01
   7.9800000e+02   2.1952490e-01
   7.9900000e+02   2.0337257e-01
   8.0000000e+02   1.8152684e-01
   8.0100000e+02   1.5695504e-01
   8.0200000e+02   1.1379557e-01
   8.0300000e+02   9.9097252e-02
   8.0400000e+02   9.9766901e-02
   8.0500000e+02   8.2609228e-02
   8.0600000e+02   6.6124194e-02
   8.0700000e+02   7.3231517e-02
   8.0800000e+02   8.3760906e-02
   8.0900000e+02   9.2805761e-02
   8.1000000e+02   8.9560764e-02
   8.1100000e+02   8.6945850e-02
   8.1200000e+02   7.8995908e-02
   8.1300000e+02   9.0820952e-02
   8.1400000e+02   1.1451968e-01
   8.1500000e+02   1.3962250e-01
   8.1600000e+02   1.5061758e-01
   8.1700000e+02   1.7094867e-01
   8.1800000e+02   1.9238000e-01
   8.1900000e+02   2.1087068e-01
   8.2000000e+02   2.2484308e-01
   8.2100000e+02   2.4477423e-01
   8.2200000e+02   2.6420073e-01
   8.2300000e+02   2.7922187e-01
   8.2400000e+02   2.9089593e-01
   8.2500000e+02   2.9078871e-01
   8.2600000e+02   2.8665840e-01
   8.2700000e+02   2.8303757e-01
   8.2800000e+02   2.6749369e-01
   8.2900000e+02   2.3971596e-01
   8.3000000e+02   2.1011308e-01
   8.3100000e+02   1.9078374e-01
   8.3200000e+02   1.7128894e-01
   8.3300000e+02   1.4743462e-01
   8.3400000e+02   1.2428650e-01
   8.3500000e+02   1.0411435e-01
   8.3600000e+02   8.6695727e-02
   8.3700000e+02   7.5732530e-02
   8.3800000e+02   6.7589497e-02
   8.3900000e+02   4.2028931e-02
   8.4000000e+02   2.9686044e-02
   8.4100000e+02   2.6852598e-02
   8.4200000e+02   2.9330708e-02
   8.4300000e+02   3.2490980e-02
   8.4400000e+02   2.3346970e-02
   8.4500000e+02   2.2294790e-02
   8.4600000e+02   2.5664822e-02
   8.4700000e+02   2.5953740e-02
   8.4800000e+02   3.6741296e-02
   8.4900000e+02   3.4708269e-02
   8.5000000e+02   4.1173177e-02
   8.5100000e+02   3.1778492e-02
   8.5200000e+02   2.1220472e-02
   8.5300000e+02   1.2305595e-02
   8.5400000e+02   1.8844054e-02
   8.5500000e+02   3.9855004e-02
   8.5600000e+02   4.3180703e-02
   8.5700000e+02   4.2298454e-02
   8.5800000e+02   4.6261637e-02
   8.5900000e+02   4.4347779e-02
   8.6000000e+02   4.2491896e-02
   8.6100000e+02   3.6293068e-02
   8.6200000e+02   3.3579476e-02
   8.6300000e+02   4.4060069e-02
   8.6400000e+02   5.4494860e-02
   8.6500000e+02   5.2408074e-02
   8.6600000e+02   5.1580834e-02
   8.6700000e+02   5.6552512e-02
   8.6800000e+02   5.3487661e-02
   8.6900000e+02   5.9698659e-02
   8.7000000e+02   6.1461157e-02
   8.7100000e+02   6.3135108e-02
   8.7200000e+02   6.7957340e-02
   8.7300000e+02   6.0367059e-02
   8.7400000e+02   5.8867487e-02
   8.7500000e+02   7.0925778e-02
   8.7600000e+02   8.7004702e-02
   8.7700000e+02   9.0216874e-02
   8.7800000e+02   8.5340627e-02
   8.7900000e+02   8.3035295e-02
   8.8000000e+02   7.0087362e-02
   8.8100000e+02   5.8387698e-02
   8.8200000e+02   6.4248848e-02
   8.8300000e+02   6.7605511e-02
   8.8400000e+02   6.5712535e-02
   8.8500000e+02   5.3256770e-02
   8.8600000e+02   6.1783818e-02
   8.8700000e+02   6.2142828e-02
   8.8800000e+02   5.3486646e-02
   8.8900000e+02   3.6682149e-02
   8.9000000e+02   2.3556163e-02
   8.9100000e+02   2.7841728e-02
   8.9200000e+02   2.9899931e-02
   8.9300000e+02   1.8846498e-02
   8.9400000e+02   9.7199451e-03
   8.9500000e+02   8.3779803e-03
   8.9600000e+02   1.1683223e-02
   8.9700000e+02   1.7061432e-02
   8.9800000e+02   2.0343865e-03
   8.9900000e+02  -1.2907902e-03
   9.0000000e+02   6.2548994e-03
   9.0100000e+02   1.0723915e-02
   9.0200000e+02   1.6658573e-02
   9.0300000e+02   1.4135663e-02
   9.0400000e+02   2.0578486e-02
   9.0500000e+02   2.4489236e-02
   9.0600000e+02   3.5056684e-02
   9.0700000e+02   4.4182074e-02
   9.0800000e+02   5.7420968e-02
   9.0900000e+02   6.7042129e-02
   9.1000000e+02   8.0758475e-02
   9.1100000e+02   9.1619368e-02
   9.1200000e+02   1.0434522e-01
   9.1300000e+02   1.1686713e-01
   9.1400000e+02   1.3075775e-01
   9.1500000e+02   1.3598007e-01
   9.1600000e+02   1.3526141e-01
   9.1700000e+02   1.4227848e-01
   9.1800000e+02   1.5900838e-01
   9.1900000e+02   1.6928082e-01
   9.2000000e+02   1.6287501e-01
   9.2100000e+02   1.4804369e-01
   9.2200000e+02   1.3813871e-01
   9.2300000e+02   1.2475406e-01
   9.2400000e+02   1.1591945e-01
   9.2500000e+02   1.0296481e-01
   9.2600000e+02   8.3273195e-02
   9.2700000e+02   6.7992790e-02
   9.2800000e+02   5.4458737e-02
   9.2900000e+02   4.4857084e-02
   9.3000000e+02   4.1474179e-02
   9.3100000e+02   3.8532710e-02
   9.3200000e+02   2.2417305e-02
   9.3300000e+02   1.3966784e-02
   9.3400000e+02   1.9028010e-02
   9.3500000e+02   1.6971788e-02
   9.3600000e+02   1.1704658e-02
   9.3700000e+02   1.1559271e-02
   9.3800000e+02   4.4478695e-03
   9.3900000e+02   5.9411823e-03
   9.4000000e+02   8.1378386e-03
   9.4100000e+02   9.2817872e-03
   9.4200000e+02   7.4920943e-03
   9.4300000e+02   6.1476327e-03
   9.4400000e+02   6.1899167e-03
   9.4500000e+02   4.2978738e-03
   9.4600000e+02  -2.8755843e-03
   9.4700000e+02  -3.9307156e-03
   9.4800000e+02   1.3079295e-03
   9.4900000e+02  -4.8083331e-03
   9.5000000e+02   1.6317709e-03
   9.5100000e+02   2.3455795e-03
   9.5200000e+02   7.1961640e-03
   9.5300000e+02   2.0026728e-02
   9.5400000e+02   2.4441426e-02
   9.5500000e+02   1.6912659e-02
   9.5600000e+02   1.1104274e-02
   9.5700000e+02   1.6151318e-02
   9.5800000e+02   1.9726781e-02
   9.5900000e+02   3.0856243e-02
   9.6000000e+02   4.4927362e-02
   9.6100000e+02   4.8284282e-02
   9.6200000e+02   4.8361759e-02
   9.6300000e+02   4.6114829e-02
   9.6400000e+02   4.5217155e-02
   9.6500000e+02   5.1569956e-02
   9.6600000e+02   6.0110382e-02
   9.6700000e+02   7.1581209e-02
   9.6800000e+02   6.9495500e-02
   9.6900000e+02   6.6075409e-02
   9.7000000e+02   6.7322141e-02
   9.7100000e+02   6.7223236e-02
   9.7200000e+02   7.1145915e-02
   9.7300000e+02   7.2211708e-02
   9.7400000e+02   8.5805596e-02
   9.7500000e+02   9.0306973e-02
   9.7600000e+02   8.9981720e-02
   9.7700000e+02   8.8119978e-02
   9.7800000e+02   9.8760851e-02
   9.7900000e+02   1.1553262e-01
   9.8000000e+02   1.1996043e-01
   9.8100000e+02   1.2394601e-01
   9.8200000e+02   1.2446392e-01
   9.8300000e+02   1.5035126e-01
   9.8400000e+02   1.7567964e-01
   9.8500000e+02   1.8000171e-01
   9.8600000e+02   1.8062365e-01
   9.8700000e+02   2.0358730e-01
   9.8800000e+02   2.2972601e-01
   9.8900000e+02   2.4430383e-01
   9.9000000e+02   2.5162369e-01
   9.9100000e+02   2.6296417e-01
   9.9200000e+02   2.8870616e-01
   9.9300000e+02   3.1841621e-01
   9.9400000e+02   3.4103412e-01
   9.9500000e+02   3.7433099e-01
   9.9600000e+02   4.1411023e-01
   9.9700000e+02   4.5751931e-01
   9.9800000e+02   4.9082020e-01
   9.9900000e+02   5.3630134e-01
   1.0000000e+03   5.7883898e-01
   1.0010000e+03   6.0583895e-01
   1.0020000e+03   6.3594884e-01
   1.0030000e+03   6.8107113e-01
   1.0040000e+03   7.1535166e-01
   1.0050000e+03   7.4503279e-01
   1.0060000e+03   7.7325122e-01
   1.0070000e+03   7.9783881e-01
   1.0080000e+03   8.1809957e-01
   1.0090000e+03   8.2151130e-01
   1.0100000e+03   8.1757576e-01
   1.0110000e+03   8.1083994e-01
   1.0120000e+03   7.8490455e-01
   1.0130000e+03   7.6272843e-01
   1.0140000e+03   7.5949639e-01
   1.0150000e+03   7.3711384e-01
   1.0160000e+03   6.9724746e-01
   1.0170000e+03   6.6618172e-01
   1.0180000e+03   6.3080582e-01
   1.0190000e+03   5.8274805e-01
   1.0200000e+03   5.3992049e-01
   1.0210000e+03   4.9444246e-01
   1.0220000e+03   4.4906140e-01
   1.0230000e+03   4.0364711e-01
   1.0240000e+03   3.6410266e-01
   1.0250000e+03   3.3204754e-01
   1.0260000e+03   2.9780361e-01
   1.0270000e+03   2.5963384e-01
   1.0280000e+03   2.2771897e-01
   1.0290000e+03   2.0052343e-01
   1.0300000e+03   1.6368390e-01
   1.0310000e+03   1.4236720e-01
   1.0320000e+03   1.2735196e-01
   1.0330000e+03   1.2414917e-01
   1.0340000e+03   1.1122448e-01
   1.0350000e+03   9.8204536e-02
   1.0360000e+03   9.0269239e-02
   1.0370000e+03   9.9109167e-02
   1.0380000e+03   9.1668579e-02
   1.0390000e+03   8.2289443e-02
   1.0400000e+03   7.6958752e-02
   1.0410000e+03   8.0158671e-02
   1.0420000e+03   7.7479291e-02
   1.0430000e+03   8.6616385e-02
   1.0440000e+03   8.4198107e-02
   1.0450000e+03   8.7234094e-02
   1.0460000e+03   8.8689526e-02
   1.0470000e+03   7.9040137e-02
   1.0480000e+03   7.7794251e-02
   1.0490000e+03   8.3135436e-02
   1.0500000e+03   9.1906607e-02
   1.0510000e+03   9.3507404e-02
   1.0520000e+03   9.5620048e-02
   1.0530000e+03   1.0541695e-01
   1.0540000e+03   1.1441414e-01
   1.0550000e+03   1.1560115e-01
   1.0560000e+03   1.1876467e-01
   1.0570000e+03   1.1722745e-01
   1.0580000e+03   1.2063235e-01
   1.0590000e+03   1.2769894e-01
   1.0600000e+03   1.2795080e-01
   1.0610000e+03   1.4363355e-01
   1.0620000e+03   1.6556634e-01
   1.0630000e+03   1.6096242e-01
   1.0640000e+03   1.5086832e-01
   1.0650000e+03   1.4167281e-01
   1.0660000e+03   1.3831238e-01
   1.0670000e+03   1.3698411e-01
   1.0680000e+03   1.3757145e-01
   1.0690000e+03   1.5200875e-01
   1.0700000e+03   1.5033179e-01
   1.0710000e+03   1.4287210e-01
   1.0720000e+03   1.3318441e-01
   1.0730000e+03   1.3130750e-01
   1.0740000e+03   1.2422798e-01
   1.0750000e+03   1.1004300e-01
   1.0760000e+03   1.0843930e-01
   1.0770000e+03   9.7373451e-02
   1.0780000e+03   9.4826740e-02
   1.0790000e+03   1.0083366e-01
   1.0800000e+03   9.6395719e-02
   1.0810000e+03   8.2706433e-02
   1.0820000e+03   7.2854993e-02
   1.0830000e+03   7.8028855e-02
   1.0840000e+03   7.4736433e-02
   1.0850000e+03   6.5675151e-02
   1.0860000e+03   6.0262187e-02
   1.0870000e+03   5.8095517e-02
   1.0880000e+03   4.7183136e-02
   1.0890000e+03   3.3402938e-02
   1.0900000e+03   4.9069276e-02
   1.0910000e+03   6.3107306e-02
   1.0920000e+03   5.1105278e-02
   1.0930000e+03   3.6638325e-02
   1.0940000e+03   3.1700473e-02
   1.0950000e+03   3.9001513e-02
   1.0960000e+03   4.4051429e-02
   1.0970000e+03   4.6703903e-02
   1.0980000e+03   5.0755732e-02
   1.0990000e+03   4.6343170e-02
   1.1000000e+03   3.7523150e-02
   1.1010000e+03   3.7667276e-02
   1.1020000e+03   4.2199108e-02
   1.1030000e+03   4.3837452e-02
   1.1040000e+03   4.3205722e-02
   1.1050000e+03   4.1500036e-02
   1.1060000e+03   4.9128108e-02
   1.1070000e+03   4.8688567e-02
   1.1080000e+03   5.0304109e-02
   1.1090000e+03   5.6422793e-02
   1.1100000e+03   5.1544028e-02
   1.1110000e+03   5.5721130e-02
   1.1120000e+03   7.6771614e-02
   1.1130000e+03   7.7962807e-02
   1.1140000e+03   8.6832193e-02
   1.1150000e+03   1.0290409e-01
   1.1160000e+03   1.0638295e-01
   1.1170000e+03   1.1620555e-01
   1.1180000e+03   1.2160172e-01
   1.1190000e+03   1.2059075e-01
   1.1200000e+03   1.1889434e-01
   1.1210000e+03   1.2249300e-01
   1.1220000e+03   1.2677867e-01
   1.1230000e+03   1.2244713e-01
   1.1240000e+03   1.0717290e-01
   1.1250000e+03   9.7218465e-02
   1.1260000e+03   1.0215036e-01
   1.1270000e+03   1.0405830e-01
   1.1280000e+03   9.6727624e-02
   1.1290000e+03   8.0968695e-02
   1.1300000e+03   6.6267662e-02
   1.1310000e+03   5.7300147e-02
   1.1320000e+03   4.0160613e-02
   1.1330000e+03   3.9909435e-02
   1.1340000e+03   3.8912259e-02
   1.1350000e+03   3.4765768e-02
   1.1360000e+03   3.7246233e-02
   1.1370000e+03   2.9793665e-02
   1.1380000e+03   2.0284454e-02
   1.1390000e+03   1.1721855e-02
   1.1400000e+03   1.1047816e-02
   1.1410000e+03   1.3146089e-02
   1.1420000e+03   7.9245555e-03
   1.1430000e+03   5.9139973e-03
   1.1440000e+03   8.0398661e-03
   1.1450000e+03   1.1371055e-02
   1.1460000e+03   1.7652678e-02
   1.1470000e+03   2.2590562e-02
   1.1480000e+03   3.0861724e-02
   1.1490000e+03   2.0136859e-02
   1.1500000e+03   2.0218836e-02
   1.1510000e+03   3.3798640e-02
   1.1520000e+03   4.5258302e-02
   1.1530000e+03   4.6289526e-02
   1.1540000e+03   5.3867057e-02
   1.1550000e+03   6.0471167e-02
   1.1560000e+03   6.6711964e-02
   1.1570000e+03   7.2473730e-02
   1.1580000e+03   8.2768515e-02
   1.1590000e+03   9.1746928e-02
   1.1600000e+03   1.0254976e-01
   1.1610000e+03   1.1558653e-01
   1.1620000e+03   1.2047690e-01
   1.1630000e+03   1.4367462e-01
   1.1640000e+03   1.6546023e-01
   1.1650000e+03   1.8713524e-01
   1.1660000e+03   2.2460153e-01
   1.1670000e+03   2.8153026e-01
   1.1680000e+03   3.4403875e-01
   1.1690000e+03   4.0011108e-01
   1.1700000e+03   4.7638573e-01
   1.1710000e+03   5.5517760e-01
   1.1720000e+03   6.3558779e-01
   1.1730000e+03   7.0484602e-01
   1.1740000e+03   7.6792509e-01
   1.1750000e+03   8.2134477e-01
   1.1760000e+03   8.5205788e-01
   1.1770000e+03   8.7041924e-01
   1.1780000e+03   8.8668138e-01
   1.1790000e+03   8.7195011e-01
   1.1800000e+03   8.2834082e-01
   1.1810000e+03   7.7434886e-01
   1.1820000e+03   7.1157965e-01
   1.1830000e+03   6.4039628e-01
   1.1840000e+03   5.5827573e-01
   1.1850000e+03   4.7806842e-01
   1.1860000e+03   4.0771615e-01
   1.1870000e+03   3.6589500e-01
   1.1880000e+03   3.3442836e-01
   1.1890000e+03   3.0328656e-01
   1.1900000e+03   2.7909437e-01
   1.1910000e+03   2.6144235e-01
   1.1920000e+03   2.4862394e-01
   1.1930000e+03   2.3092693e-01
   1.1940000e+03   2.2132492e-01
   1.1950000e+03   2.2182697e-01
   1.1960000e+03   2.2029324e-01
   1.1970000e+03   2.2587664e-01
   1.1980000e+03   2.3630202e-01
   1.1990000e+03   2.3006007e-01
   1.2000000e+03   2.4457037e-01
   1.2010000e+03   2.5497365e-01
   1.2020000e+03   2.6269647e-01
   1.2030000e+03   2.8071181e-01
   1.2040000e+03   3.0603126e-01
   1.2050000e+03   3.1580778e-01
   1.2060000e+03   3.1144084e-01
   1.2070000e+03   3.3757619e-01
   1.2080000e+03   3.7949095e-01
   1.2090000e+03   4.0770425e-01
   1.2100000e+03   4.2912706e-01
   1.2110000e+03   4.6192418e-01
   1.2120000e+03   4.9458203e-01
   1.2130000e+03   5.3779924e-01
   1.2140000e+03   5.9253255e-01
   1.2150000e+03   6.5104306e-01
   1.2160000e+03   7.2647656e-01
   1.2170000e+03   7.9423789e-01
   1.2180000e+03   8.6885174e-01
   1.2190000e+03   9.7549735e-01
   1.2200000e+03   1.0991541e+00
   1.2210000e+03   1.2284379e+00
   1.2220000e+03   1.3858265e+00
   1.2230000e+03   1.5436410e+00
   1.2240000e+03   1.7028398e+00
   1.2250000e+03   1.8762634e+00
   1.2260000e+03   2.0682310e+00
   1.2270000e+03   2.2690437e+00
   1.2280000e+03   2.4555714e+00
   1.2290000e+03   2.6388431e+00
   1.2300000e+03   2.8180834e+00
   1.2310000e+03   2.9760482e+00
   1.2320000e+03   3.0893480e+00
   1.2330000e+03   3.1660835e+00
   1.2340000e+03   3.2029984e+00
   1.2350000e+03   3.2219615e+00
   1.2360000e+03   3.2092566e+00
   1.2370000e+03   3.1721582e+00
   1.2380000e+03   3.0982739e+00
   1.2390000e+03   2.9855908e+00
   1.2400000e+03   2.8851779e+00
   1.2410000e+03   2.7763124e+00
   1.2420000e+03   2.6634573e+00
   1.2430000e+03   2.5758079e+00
   1.2440000e+03   2.4831900e+00
   1.2450000e+03   2.3836961e+00
   1.2460000e+03   2.2868929e+00
   1.2470000e+03   2.2171175e+00
   1.2480000e+03   2.1482464e+00
   1.2490000e+03   2.0782479e+00
   1.2500000e+03   2.0163997e+00
   1.2510000e+03   1.9664423e+00
   1.2520000e+03   1.9119283e+00
   1.2530000e+03   1.8406552e+00
   1.2540000e+03   1.7768749e+00
   1.2550000e+03   1.7199619e+00
   1.2560000e+03   1.6620138e+00
   1.2570000e+03   1.6033969e+00
   1.2580000e+03   1.5466604e+00
   1.2590000e+03   1.4924971e+00
   1.2600000e+03   1.4391084e+00
   1.2610000e+03   1.3691020e+00
   1.2620000e+03   1.2935517e+00
   1.2630000e+03   1.2552704e+00
   1.2640000e+03   1.2104235e+00
   1.2650000e+03   1.1553815e+00
   1.2660000e+03   1.1085772e+00
   1.2670000e+03   1.0748248e+00
   1.2680000e+03   1.0512073e+00
   1.2690000e+03   1.0373880e+00
   1.2700000e+03   1.0118160e+00
   1.2710000e+03   9.9835055e-01
   1.2720000e+03   9.9544211e-01
   1.2730000e+03   9.9484913e-01
   1.2740000e+03   9.9405847e-01
   1.2750000e+03   1.0006187e+00
   1.2760000e+03   1.0151471e+00
   1.2770000e+03   1.0330993e+00
   1.2780000e+03   1.0442909e+00
   1.2790000e+03   1.0628735e+00
   1.2800000e+03   1.0849425e+00
   1.2810000e+03   1.1130854e+00
   1.2820000e+03   1.1395462e+00
   1.2830000e+03   1.1793732e+00
   1.2840000e+03   1.2316837e+00
   1.2850000e+03   1.2895989e+00
   1.2860000e+03   1.3545210e+00
   1.2870000e+03   1.4445083e+00
   1.2880000e+03   1.5348547e+00
   1.2890000e+03   1.6263379e+00
   1.2900000e+03   1.7350863e+00
   1.2910000e+03   1.8641473e+00
   1.2920000e+03   1.9930369e+00
   1.2930000e+03   2.1220686e+00
   1.2940000e+03   2.2587282e+00
   1.2950000e+03   2.3963149e+00
   1.2960000e+03   2.5080157e+00
   1.2970000e+03   2.6255484e+00
   1.2980000e+03   2.7223385e+00
   1.2990000e+03   2.8027491e+00
   1.3000000e+03   2.8845683e+00
   1.3010000e+03   2.9537481e+00
   1.3020000e+03   2.9948904e+00
   1.3030000e+03   3.0146378e+00
   1.3040000e+03   3.0209698e+00
   1.3050000e+03   3.0236881e+00
   1.3060000e+03   2.9891188e+00
   1.3070000e+03   2.9356243e+00
   1.3080000e+03   2.8743063e+00
   1.3090000e+03   2.7961013e+00
   1.3100000e+03   2.7115378e+00
   1.3110000e+03   2.5944403e+00
   1.3120000e+03   2.4681968e+00
   1.3130000e+03   2.3411480e+00
   1.3140000e+03   2.2164861e+00
   1.3150000e+03   2.1087610e+00
   1.3160000e+03   2.0352548e+00
   1.3170000e+03   1.9552424e+00
   1.3180000e+03   1.9026169e+00
   1.3190000e+03   1.8824583e+00
   1.3200000e+03   1.8979212e+00
   1.3210000e+03   1.9364685e+00
   1.3220000e+03   2.0250173e+00
   1.3230000e+03   2.1548839e+00
   1.3240000e+03   2.3393587e+00
   1.3250000e+03   2.5682441e+00
   1.3260000e+03   2.8758914e+00
   1.3270000e+03   3.2579425e+00
   1.3280000e+03   3.7065230e+00
   1.3290000e+03   4.2411106e+00
   1.3300000e+03   4.8601959e+00
   1.3310000e+03   5.5343364e+00
   1.3320000e+03   6.2376372e+00
   1.3330000e+03   6.9366041e+00
   1.3340000e+03   7.6172718e+00
   1.3350000e+03   8.2248990e+00
   1.3360000e+03   8.6912410e+00
   1.3370000e+03   9.0228441e+00
   1.3380000e+03   9.1769734e+00
   1.3390000e+03   9.1376937e+00
   1.3400000e+03   8.9225769e+00
   1.3410000e+03   8.5356078e+00
   1.3420000e+03   7.9740595e+00
   1.3430000e+03   7.2951109e+00
   1.3440000e+03   6.5513583e+00
   1.3450000e+03   5.7945788e+00
   1.3460000e+03   5.0627606e+00
   1.3470000e+03   4.3756373e+00
   1.3480000e+03   3.7656715e+00
   1.3490000e+03   3.2597055e+00
   1.3500000e+03   2.8454277e+00
   1.3510000e+03   2.5338539e+00
   1.3520000e+03   2.2971285e+00
   1.3530000e+03   2.1042672e+00
   1.3540000e+03   1.9875442e+00
   1.3550000e+03   1.8984676e+00
   1.3560000e+03   1.8550414e+00
   1.3570000e+03   1.8369073e+00
   1.3580000e+03   1.8332462e+00
   1.3590000e+03   1.8489951e+00
   1.3600000e+03   1.8809847e+00
   1.3610000e+03   1.9147095e+00
   1.3620000e+03   1.9404493e+00
   1.3630000e+03   1.9570147e+00
   1.3640000e+03   1.9918098e+00
   1.3650000e+03   2.0364279e+00
   1.3660000e+03   2.0712422e+00
   1.3670000e+03   2.0929425e+00
   1.3680000e+03   2.1121545e+00
   1.3690000e+03   2.1502696e+00
   1.3700000e+03   2.1862532e+00
   1.3710000e+03   2.2033667e+00
   1.3720000e+03   2.2373748e+00
   1.3730000e+03   2.2636438e+00
   1.3740000e+03   2.2690243e+00
   1.3750000e+03   2.2642710e+00
   1.3760000e+03   2.2543856e+00
   1.3770000e+03   2.2399982e+00
   1.3780000e+03   2.2224401e+00
   1.3790000e+03   2.1678208e+00
   1.3800000e+03   2.0999673e+00
   1.3810000e+03   2.0230771e+00
   1.3820000e+03   1.9144471e+00
   1.3830000e+03   1.8270008e+00
   1.3840000e+03   1.7609422e+00
   1.3850000e+03   1.6723765e+00
   1.3860000e+03   1.5915994e+00
   1.3870000e+03   1.5303758e+00
   1.3880000e+03   1.4731439e+00
   1.3890000e+03   1.4439779e+00
   1.3900000e+03   1.4114686e+00
   1.3910000e+03   1.3949500e+00
   1.3920000e+03   1.3883777e+00
   1.3930000e+03   1.3867134e+00
   1.3940000e+03   1.3817154e+00
   1.3950000e+03   1.3731867e+00
   1.3960000e+03   1.3704709e+00
   1.3970000e+03   1.3547256e+00
   1.3980000e+03   1.3220385e+00
   1.3990000e+03   1.2868235e+00
   1.4000000e+03   1.2635280e+00
   1.4010000e+03   1.2272600e+00
   1.4020000e+03   1.1815317e+00
   1.4030000e+03   1.1274695e+00
   1.4040000e+03   1.0809292e+00
   1.4050000e+03   1.0239590e+00
   1.4060000e+03   9.7255773e-01
   1.4070000e+03   9.2561311e-01
   1.4080000e+03   8.9528606e-01
   1.4090000e+03   8.7813964e-01
   1.4100000e+03   8.6656365e-01
   1.4110000e+03   8.7054879e-01
   1.4120000e+03   8.9343533e-01
   1.4130000e+03   9.5106461e-01
   1.4140000e+03   1.0186489e+00
   1.4150000e+03   1.1012981e+00
   1.4160000e+03   1.2020286e+00
   1.4170000e+03   1.3289546e+00
   1.4180000e+03   1.4545041e+00
   1.4190000e+03   1.5757813e+00
   1.4200000e+03   1.6828450e+00
   1.4210000e+03   1.7536596e+00
   1.4220000e+03   1.7867130e+00
   1.4230000e+03   1.7913089e+00
   1.4240000e+03   1.7699784e+00
   1.4250000e+03   1.7176289e+00
   1.4260000e+03   1.6363585e+00
   1.4270000e+03   1.5349608e+00
   1.4280000e+03   1.4042384e+00
   1.4290000e+03   1.2762227e+00
   1.4300000e+03   1.1581088e+00
   1.4310000e+03   1.0487233e+00
   1.4320000e+03   9.5819633e-01
   1.4330000e+03   8.8678479e-01
   1.4340000e+03   8.4001009e-01
   1.4350000e+03   8.0963585e-01
   1.4360000e+03   7.9480085e-01
   1.4370000e+03   7.9805896e-01
   1.4380000e+03   8.0661108e-01
   1.4390000e+03   8.2224524e-01
   1.4400000e+03   8.4526729e-01
   1.4410000e+03   8.6048022e-01
   1.4420000e+03   8.8930442e-01
   1.4430000e+03   9.2139554e-01
   1.4440000e+03   9.4778133e-01
   1.4450000e+03   9.6573386e-01
   1.4460000e+03   9.8613154e-01
   1.4470000e+03   1.0143969e+00
   1.4480000e+03   1.0196644e+00
   1.4490000e+03   1.0202502e+00
   1.4500000e+03   1.0179666e+00
   1.4510000e+03   1.0248599e+00
   1.4520000e+03   1.0211094e+00
   1.4530000e+03   1.0104977e+00
   1.4540000e+03   1.0095759e+00
   1.4550000e+03   1.0083814e+00
   1.4560000e+03   1.0085145e+00
   1.4570000e+03   9.9810371e-01
   1.4580000e+03   1.0269945e+00
   1.4590000e+03   1.0746693e+00
   1.4600000e+03   1.1318307e+00
   1.4610000e+03   1.2018751e+00
   1.4620000e+03   1.2918589e+00
   1.4630000e+03   1.4015621e+00
   1.4640000e+03   1.5384730e+00
   1.4650000e+03   1.6972900e+00
   1.4660000e+03   1.9073151e+00
   1.4670000e+03   2.1693021e+00
   1.4680000e+03   2.4679539e+00
   1.4690000e+03   2.8234420e+00
   1.4700000e+03   3.2013516e+00
   1.4710000e+03   3.6113650e+00
   1.4720000e+03   4.0684739e+00
   1.4730000e+03   4.5536366e+00
   1.4740000e+03   5.0241409e+00
   1.4750000e+03   5.4740068e+00
   1.4760000e+03   5.8846591e+00
   1.4770000e+03   6.2244635e+00
   1.4780000e+03   6.4703431e+00
   1.4790000e+03   6.6505651e+00
   1.4800000e+03   6.7420617e+00
   1.4810000e+03   6.7406007e+00
   1.4820000e+03   6.6326166e+00
   1.4830000e+03   6.4066642e+00
   1.4840000e+03   6.0909816e+00
   1.4850000e+03   5.7311170e+00
   1.4860000e+03   5.3192834e+00
   1.4870000e+03   4.8656650e+00
   1.4880000e+03   4.4166800e+00
   1.4890000e+03   3.9702872e+00
   1.4900000e+03   3.5580411e+00
   1.4910000e+03   3.1750736e+00
   1.4920000e+03   2.8159254e+00
   1.4930000e+03   2.5002938e+00
   1.4940000e+03   2.2226461e+00
   1.4950000e+03   1.9990915e+00
   1.4960000e+03   1.8252671e+00
   1.4970000e+03   1.6866572e+00
   1.4980000e+03   1.5552592e+00
   1.4990000e+03   1.4430769e+00
   1.5000000e+03   1.3684192e+00
   1.5010000e+03   1.3100509e+00
   1.5020000e+03   1.2511661e+00
   1.5030000e+03   1.2057697e+00
   1.5040000e+03   1.1772950e+00
   1.5050000e+03   1.1545796e+00
   1.5060000e+03   1.1489433e+00
   1.5070000e+03   1.1322535e+00
   1.5080000e+03   1.1056999e+00
   1.5090000e+03   1.0639457e+00
   1.5100000e+03   1.0269300e+00
   1.5110000e+03   9.9542285e-01
   1.5120000e+03   9.5384110e-01
   1.5130000e+03   8.9936453e-01
   1.5140000e+03   8.4587746e-01
   1.5150000e+03   7.8908112e-01
   1.5160000e+03   7.1884206e-01
   1.5170000e+03   6.5626929e-01
   1.5180000e+03   5.9267538e-01
   1.5190000e+03   5.4165639e-01
   1.5200000e+03   4.8306033e-01
   1.5210000e+03   4.2874989e-01
   1.5220000e+03   3.8502674e-01
   1.5230000e+03   3.4937212e-01
   1.5240000e+03   3.3523132e-01
   1.5250000e+03   3.1403924e-01
   1.5260000e+03   2.8295990e-01
   1.5270000e+03   2.6405937e-01
   1.5280000e+03   2.5098414e-01
   1.5290000e+03   2.3876550e-01
   1.5300000e+03   2.2710526e-01
   1.5310000e+03   2.2575807e-01
   1.5320000e+03   2.1427393e-01
   1.5330000e+03   2.0563737e-01
   1.5340000e+03   2.0677115e-01
   1.5350000e+03   2.2050049e-01
   1.5360000e+03   2.1590851e-01
   1.5370000e+03   1.9859312e-01
   1.5380000e+03   1.9610791e-01
   1.5390000e+03   2.0609376e-01
   1.5400000e+03   2.0370803e-01
   1.5410000e+03   1.9355415e-01
   1.5420000e+03   1.8844637e-01
   1.5430000e+03   1.9073396e-01
   1.5440000e+03   1.9081085e-01
   1.5450000e+03   1.9672423e-01
   1.5460000e+03   2.0771546e-01
   1.5470000e+03   2.2049974e-01
   1.5480000e+03   2.2477347e-01
   1.5490000e+03   2.3389976e-01
   1.5500000e+03   2.4244321e-01
   1.5510000e+03   2.5024852e-01
   1.5520000e+03   2.7294163e-01
   1.5530000e+03   2.8759914e-01
   1.5540000e+03   3.0441573e-01
   1.5550000e+03   3.4007638e-01
   1.5560000e+03   3.9076359e-01
   1.5570000e+03   4.4605076e-01
   1.5580000e+03   5.0008726e-01
   1.5590000e+03   5.9295268e-01
   1.5600000e+03   7.0641725e-01
   1.5610000e+03   8.3034871e-01
   1.5620000e+03   9.9191491e-01
   1.5630000e+03   1.1808365e+00
   1.5640000e+03   1.4413327e+00
   1.5650000e+03   1.7472273e+00
   1.5660000e+03   2.0706324e+00
   1.5670000e+03   2.4088689e+00
   1.5680000e+03   2.7663684e+00
   1.5690000e+03   3.1256549e+00
   1.5700000e+03   3.4329721e+00
   1.5710000e+03   3.6642853e+00
   1.5720000e+03   3.8330354e+00
   1.5730000e+03   3.9232651e+00
   1.5740000e+03   3.9404917e+00
   1.5750000e+03   3.8770247e+00
   1.5760000e+03   3.7103109e+00
   1.5770000e+03   3.4593046e+00
   1.5780000e+03   3.1428938e+00
   1.5790000e+03   2.8183590e+00
   1.5800000e+03   2.4972071e+00
   1.5810000e+03   2.1926694e+00
   1.5820000e+03   1.9099310e+00
   1.5830000e+03   1.6610413e+00
   1.5840000e+03   1.4518474e+00
   1.5850000e+03   1.2921648e+00
   1.5860000e+03   1.1794668e+00
   1.5870000e+03   1.0916222e+00
   1.5880000e+03   1.0159030e+00
   1.5890000e+03   9.5578704e-01
   1.5900000e+03   9.1497179e-01
   1.5910000e+03   8.8056375e-01
   1.5920000e+03   8.5708026e-01
   1.5930000e+03   8.5513405e-01
   1.5940000e+03   8.4112031e-01
   1.5950000e+03   8.3766020e-01
   1.5960000e+03   8.5336233e-01
   1.5970000e+03   8.7788265e-01
   1.5980000e+03   8.9611176e-01
   1.5990000e+03   9.3526406e-01
   1.6000000e+03   9.9295268e-01
   1.6010000e+03   1.0597801e+00
   1.6020000e+03   1.1482395e+00
   1.6030000e+03   1.2555757e+00
   1.6040000e+03   1.3829957e+00
   1.6050000e+03   1.5250457e+00
   1.6060000e+03   1.6812981e+00
   1.6070000e+03   1.8526109e+00
   1.6080000e+03   2.0240311e+00
   1.6090000e+03   2.2069809e+00
   1.6100000e+03   2.3858642e+00
   1.6110000e+03   2.5488767e+00
   1.6120000e+03   2.6999339e+00
   1.6130000e+03   2.8468234e+00
   1.6140000e+03   2.9666327e+00
   1.6150000e+03   3.0273335e+00
   1.6160000e+03   3.0644545e+00
   1.6170000e+03   3.0717336e+00
   1.6180000e+03   3.0385864e+00
   1.6190000e+03   2.9723928e+00
   1.6200000e+03   2.8669752e+00
   1.6210000e+03   2.7427974e+00
   1.6220000e+03   2.5801835e+00
   1.6230000e+03   2.3822052e+00
   1.6240000e+03   2.1894468e+00
   1.6250000e+03   2.0187862e+00
   1.6260000e+03   1.8334647e+00
   1.6270000e+03   1.6460809e+00
   1.6280000e+03   1.4796752e+00
   1.6290000e+03   1.3219592e+00
   1.6300000e+03   1.1850851e+00
   1.6310000e+03   1.0618898e+00
   1.6320000e+03   9.4701930e-01
   1.6330000e+03   8.3839871e-01
   1.6340000e+03   7.5100180e-01
   1.6350000e+03   6.7972894e-01
   1.6360000e+03   6.1794204e-01
   1.6370000e+03   5.5595374e-01
   1.6380000e+03   5.0207377e-01
   1.6390000e+03   4.6869941e-01
   1.6400000e+03   4.3980258e-01
   1.6410000e+03   4.1121167e-01
   1.6420000e+03   3.8867071e-01
   1.6430000e+03   3.5644809e-01
   1.6440000e+03   3.4643477e-01
   1.6450000e+03   3.4935607e-01
   1.6460000e+03   3.4314289e-01
   1.6470000e+03   3.3773027e-01
   1.6480000e+03   3.4230907e-01
   1.6490000e+03   3.6163789e-01
   1.6500000e+03   3.6644247e-01
   1.6510000e+03   3.5448493e-01
   1.6520000e+03   3.5550292e-01
   1.6530000e+03   3.6648464e-01
   1.6540000e+03   3.7103415e-01
   1.6550000e+03   3.7997626e-01
   1.6560000e+03   4.0228401e-01
   1.6570000e+03   4.2466269e-01
   1.6580000e+03   4.4684537e-01
   1.6590000e+03   4.5703101e-01
   1.6600000e+03   4.7626025e-01
   1.6610000e+03   5.0760866e-01
   1.6620000e+03   5.2607175e-01
   1.6630000e+03   5.4455653e-01
   1.6640000e+03   5.8248514e-01
   1.6650000e+03   6.2291240e-01
   1.6660000e+03   6.6556678e-01
   1.6670000e+03   6.9965188e-01
   1.6680000e+03   7.1850880e-01
   1.6690000e+03   7.4729803e-01
   1.6700000e+03   7.9567796e-01
   1.6710000e+03   8.3922371e-01
   1.6720000e+03   8.9526342e-01
   1.6730000e+03   9.3511948e-01
   1.6740000e+03   9.7489618e-01
   1.6750000e+03   1.0381616e+00
   1.6760000e+03   1.0791590e+00
   1.6770000e+03   1.1305226e+00
   1.6780000e+03   1.2007194e+00
   1.6790000e+03   1.2629553e+00
   1.6800000e+03   1.3083727e+00
   1.6810000e+03   1.3400999e+00
   1.6820000e+03   1.3753852e+00
   1.6830000e+03   1.3960816e+00
   1.6840000e+03   1.4041548e+00
   1.6850000e+03   1.4156940e+00
   1.6860000e+03   1.4271741e+00
   1.6870000e+03   1.4049609e+00
   1.6880000e+03   1.3563913e+00
   1.6890000e+03   1.3209065e+00
   1.6900000e+03   1.2775180e+00
   1.6910000e+03   1.2255482e+00
   1.6920000e+03   1.1536274e+00
   1.6930000e+03   1.0772809e+00
   1.6940000e+03   9.8923940e-01
   1.6950000e+03   9.1963476e-01
   1.6960000e+03   8.5627297e-01
   1.6970000e+03   7.9646043e-01
   1.6980000e+03   7.4260837e-01
   1.6990000e+03   6.8184657e-01
   1.7000000e+03   6.2750261e-01
   1.7010000e+03   5.7954317e-01
   1.7020000e+03   5.4666902e-01
   1.7030000e+03   5.2302360e-01
   1.7040000e+03   5.0195808e-01
   1.7050000e+03   4.7307861e-01
   1.7060000e+03   4.4428277e-01
   1.7070000e+03   4.1806716e-01
   1.7080000e+03   3.9277820e-01
   1.7090000e+03   3.7165497e-01
   1.7100000e+03   3.6438015e-01
   1.7110000e+03   3.5841672e-01
   1.7120000e+03   3.4726316e-01
   1.7130000e+03   3.3598340e-01
   1.7140000e+03   3.2558741e-01
   1.7150000e+03   3.2034500e-01
   1.7160000e+03   2.9716627e-01
   1.7170000e+03   2.7534851e-01
   1.7180000e+03   2.6712059e-01
   1.7190000e+03   2.5279199e-01
   1.7200000e+03   2.4135074e-01
   1.7210000e+03   2.3083150e-01
   1.7220000e+03   2.1770618e-01
   1.7230000e+03   1.8967948e-01
   1.7240000e+03   1.5825607e-01
   1.7250000e+03   1.4123702e-01
   1.7260000e+03   1.3382631e-01
   1.7270000e+03   1.3015765e-01
   1.7280000e+03   1.2672242e-01
   1.7290000e+03   1.2183842e-01
   1.7300000e+03   1.0885215e-01
   1.7310000e+03   1.0111238e-01
   1.7320000e+03   9.3054384e-02
   1.7330000e+03   9.2589905e-02
   1.7340000e+03   8.4487164e-02
   1.7350000e+03   7.5781731e-02
   1.7360000e+03   6.6502174e-02
   1.7370000e+03   5.7078628e-02
   1.7380000e+03   5.7475204e-02
   1.7390000e+03   6.3695596e-02
   1.7400000e+03   5.7574980e-02
   1.7410000e+03   5.3682614e-02
   1.7420000e+03   4.8724563e-02
   1.7430000e+03   5.1604927e-02
   1.7440000e+03   4.0922084e-02
   1.7450000e+03   4.1279190e-02
   1.7460000e+03   4.8779937e-02
   1.7470000e+03   4.7131802e-02
   1.7480000e+03   5.2958659e-02
   1.7490000e+03   5.1938703e-02
   1.7500000e+03   4.8598673e-02
   1.7510000e+03   4.8244093e-02
   1.7520000e+03   4.3266595e-02
   1.7530000e+03   4.3601481e-02
   1.7540000e+03   5.4200231e-02
   1.7550000e+03   5.5738098e-02
   1.7560000e+03   4.5099186e-02
   1.7570000e+03   4.2926943e-02
   1.7580000e+03   5.7234619e-02
   1.7590000e+03   6.5138116e-02
   1.7600000e+03   5.8948994e-02
   1.7610000e+03   5.4077874e-02
   1.7620000e+03   5.6214177e-02
   1.7630000e+03   5.0448480e-02
   1.7640000e+03   4.4071706e-02
   1.7650000e+03   5.7187215e-02
   1.7660000e+03   5.8339826e-02
   1.7670000e+03   6.0384534e-02
   1.7680000e+03   6.9822584e-02
   1.7690000e+03   6.4441449e-02
   1.7700000e+03   6.2298451e-02
   1.7710000e+03   5.8275714e-02
   1.7720000e+03   5.3199599e-02
   1.7730000e+03   5.7516473e-02
   1.7740000e+03   6.1636473e-02
   1.7750000e+03   6.3059243e-02
   1.7760000e+03   7.0356644e-02
   1.7770000e+03   7.4533833e-02
   1.7780000e+03   6.8204221e-02
   1.7790000e+03   6.9166379e-02
   1.7800000e+03   6.9586459e-02
   1.7810000e+03   7.5734204e-02
   1.7820000e+03   7.8090109e-02
   1.7830000e+03   7.5646991e-02
   1.7840000e+03   6.8306212e-02
   1.7850000e+03   6.3370008e-02
   1.7860000e+03   6.0062129e-02
   1.7870000e+03   5.6429512e-02
   1.7880000e+03   5.4653646e-02
   1.7890000e+03   5.4790345e-02
   1.7900000e+03   5.1020805e-02
   1.7910000e+03   5.6823548e-02
   1.7920000e+03   5.1035508e-02
   1.7930000e+03   4.7939326e-02
   1.7940000e+03   5.3623537e-02
   1.7950000e+03   5.3834649e-02
   1.7960000e+03   4.5266556e-02
   1.7970000e+03   3.6933805e-02
   1.7980000e+03   3.9348118e-02
   1.7990000e+03   4.2151745e-02
