   3.5100000e+02   9.5488653e-03
   3.5200000e+02   1.3283328e-02
   3.5300000e+02   5.8592213e-03
   3.5400000e+02   9.1529575e-03
   3.5500000e+02   7.9878133e-03
   3.5600000e+02   7.7532866e-03
   3.5700000e+02   1.0339179e-02
   3.5800000e+02   1.8054272e-02
   3.5900000e+02   1.8291075e-02
   3.6000000e+02   1.1400060e-02
   3.6100000e+02   8.9319138e-03
   3.6200000e+02   1.2583964e-02
   3.6300000e+02   1.8774346e-02
   3.6400000e+02   1.6732463e-02
   3.6500000e+02   2.1605775e-02
   3.6600000e+02   2.5289546e-02
   3.6700000e+02   2.4904988e-02
   3.6800000e+02   3.1756540e-02
   3.6900000e+02   3.8012859e-02
   3.7000000e+02   3.6326551e-02
   3.7100000e+02   2.8226123e-02
   3.7200000e+02   1.4292705e-02
   3.7300000e+02   1.4066348e-02
   3.7400000e+02   1.8161958e-02
   3.7500000e+02   2.4170785e-02
   3.7600000e+02   3.0976541e-02
   3.7700000e+02   3.8955800e-02
   3.7800000e+02   4.2298300e-02
   3.7900000e+02   4.2412373e-02
   3.8000000e+02   3.5448838e-02
   3.8100000e+02   2.7154184e-02
   3.8200000e+02   2.3514051e-02
   3.8300000e+02   2.1245513e-02
   3.8400000e+02   2.0164896e-02
   3.8500000e+02   3.1009392e-02
   3.8600000e+02   3.2042643e-02
   3.8700000e+02   3.7304876e-02
   3.8800000e+02   3.3367458e-02
   3.8900000e+02   3.0474319e-02
   3.9000000e+02   2.9867010e-02
   3.9100000e+02   2.8557217e-02
   3.9200000e+02   3.0152442e-02
   3.9300000e+02   2.9011353e-02
   3.9400000e+02   3.1896513e-02
   3.9500000e+02   3.3626896e-02
   3.9600000e+02   3.1101111e-02
   3.9700000e+02   1.4636428e-02
   3.9800000e+02   1.2618768e-02
   3.9900000e+02   1.7593711e-02
   4.0000000e+02   2.8185357e-02
   4.0100000e+02   2.8340231e-02
   4.0200000e+02   2.0803552e-02
   4.0300000e+02   1.4303933e-02
   4.0400000e+02   2.3661799e-02
   4.0500000e+02   2.0917419e-02
   4.0600000e+02   1.5098459e-02
   4.0700000e+02   8.4206237e-03
   4.0800000e+02   7.0741093e-03
   4.0900000e+02   3.2670198e-03
   4.1000000e+02  -9.1485314e-03
   4.1100000e+02  -8.2976599e-03
   4.1200000e+02   1.9888897e-03
   4.1300000e+02   3.7138802e-03
   4.1400000e+02   6.9914145e-03
   4.1500000e+02   8.1239514e-03
   4.1600000e+02   5.5807567e-03
   4.1700000e+02  -2.4212664e-04
   4.1800000e+02   2.4484560e-03
   4.1900000e+02   1.1143958e-02
   4.2000000e+02   1.2820472e-02
   4.2100000e+02   7.5575585e-03
   4.2200000e+02   1.4684794e-02
   4.2300000e+02   2.9354833e-02
   4.2400000e+02   3.3703091e-02
   4.2500000e+02   2.1751023e-02
   4.2600000e+02   1.4300446e-02
   4.2700000e+02   1.3306737e-02
   4.2800000e+02   1.8255477e-02
   4.2900000e+02   1.5437153e-02
   4.3000000e+02   5.3336424e-03
   4.3100000e+02  -2.4077714e-03
   4.3200000e+02   8.2673211e-03
   4.3300000e+02   2.6141285e-02
   4.3400000e+02   3.1595341e-02
   4.3500000e+02   2.3691926e-02
   4.3600000e+02   1.6031043e-02
   4.3700000e+02   1.2566554e-02
   4.3800000e+02   7.3764901e-03
   4.3900000e+02   6.8666068e-03
   4.4000000e+02   1.3346258e-02
   4.4100000e+02   1.4242827e-02
   4.4200000e+02   5.1246391e-03
   4.4300000e+02   1.0883641e-02
   4.4400000e+02   1.8600006e-02
   4.4500000e+02   2.4032999e-02
   4.4600000e+02   1.7371752e-02
   4.4700000e+02   1.3168865e-02
   4.4800000e+02   1.0158916e-02
   4.4900000e+02   6.7929665e-03
   4.5000000e+02   6.1885333e-03
   4.5100000e+02   4.6286361e-03
   4.5200000e+02   8.0227704e-03
   4.5300000e+02   7.1601480e-03
   4.5400000e+02   1.0183635e-02
   4.5500000e+02   1.1960970e-02
   4.5600000e+02   1.6038758e-02
   4.5700000e+02   1.2096961e-02
   4.5800000e+02   1.5438880e-02
   4.5900000e+02   2.5684547e-02
   4.6000000e+02   3.4742788e-02
   4.6100000e+02   2.8781045e-02
   4.6200000e+02   1.8425875e-02
   4.6300000e+02   1.2430189e-02
   4.6400000e+02   1.5366940e-02
   4.6500000e+02   1.6097684e-02
   4.6600000e+02   1.6464194e-02
   4.6700000e+02   2.3377787e-02
   4.6800000e+02   2.2811322e-02
   4.6900000e+02   2.5043431e-02
   4.7000000e+02   1.6275402e-02
   4.7100000e+02   9.0352890e-03
   4.7200000e+02   3.9911005e-03
   4.7300000e+02   1.4922545e-02
   4.7400000e+02   1.6061071e-02
   4.7500000e+02   1.6668624e-02
   4.7600000e+02   2.1948936e-02
   4.7700000e+02   1.7282546e-02
   4.7800000e+02   2.4691807e-02
   4.7900000e+02   1.8260185e-02
   4.8000000e+02   1.9689373e-02
   4.8100000e+02   1.9617079e-02
   4.8200000e+02   1.4048432e-02
   4.8300000e+02   2.1076377e-02
   4.8400000e+02   1.7499020e-02
   4.8500000e+02   1.2962676e-02
   4.8600000e+02   1.7261170e-02
   4.8700000e+02   1.6635704e-02
   4.8800000e+02   2.3068621e-02
   4.8900000e+02   2.8337319e-02
   4.9000000e+02   2.9363139e-02
   4.9100000e+02   2.3201168e-02
   4.9200000e+02   7.2652807e-03
   4.9300000e+02   1.0102566e-02
   4.9400000e+02   1.4219882e-02
   4.9500000e+02   2.6152244e-02
   4.9600000e+02   2.2461241e-02
   4.9700000e+02   1.6611691e-02
   4.9800000e+02   1.6830607e-02
   4.9900000e+02   1.8366285e-02
   5.0000000e+02   2.2471983e-02
   5.0100000e+02   2.1644526e-02
   5.0200000e+02   1.5677375e-02
   5.0300000e+02   1.4047718e-02
   5.0400000e+02   2.3189073e-02
   5.0500000e+02   2.5751763e-02
   5.0600000e+02   2.6080080e-02
   5.0700000e+02   1.7487311e-02
   5.0800000e+02   1.9513730e-02
   5.0900000e+02   3.2578019e-02
   5.1000000e+02   3.5007260e-02
   5.1100000e+02   3.8947566e-02
   5.1200000e+02   4.0198947e-02
   5.1300000e+02   4.5515939e-02
   5.1400000e+02   5.2698742e-02
   5.1500000e+02   4.9679771e-02
   5.1600000e+02   4.7043861e-02
   5.1700000e+02   4.3375302e-02
   5.1800000e+02   4.4080989e-02
   5.1900000e+02   5.6679521e-02
   5.2000000e+02   5.9118673e-02
   5.2100000e+02   6.6628411e-02
   5.2200000e+02   7.1919757e-02
   5.2300000e+02   8.5062252e-02
   5.2400000e+02   1.0575989e-01
   5.2500000e+02   1.2172367e-01
   5.2600000e+02   1.2965667e-01
   5.2700000e+02   1.3869884e-01
   5.2800000e+02   1.5111983e-01
   5.2900000e+02   1.7350191e-01
   5.3000000e+02   2.0103820e-01
   5.3100000e+02   2.2979209e-01
   5.3200000e+02   2.4143912e-01
   5.3300000e+02   2.5105106e-01
   5.3400000e+02   2.6532477e-01
   5.3500000e+02   2.7601928e-01
   5.3600000e+02   2.7904281e-01
   5.3700000e+02   2.7396006e-01
   5.3800000e+02   2.6194544e-01
   5.3900000e+02   2.4751323e-01
   5.4000000e+02   2.3455179e-01
   5.4100000e+02   2.2039318e-01
   5.4200000e+02   2.0560336e-01
   5.4300000e+02   1.8690302e-01
   5.4400000e+02   1.6639424e-01
   5.4500000e+02   1.4992670e-01
   5.4600000e+02   1.3952414e-01
   5.4700000e+02   1.3165767e-01
   5.4800000e+02   1.2296120e-01
   5.4900000e+02   1.1201436e-01
   5.5000000e+02   1.0400382e-01
   5.5100000e+02   9.7088642e-02
   5.5200000e+02   9.5595707e-02
   5.5300000e+02   9.1402223e-02
   5.5400000e+02   9.5752488e-02
   5.5500000e+02   9.7109695e-02
   5.5600000e+02   1.0342715e-01
   5.5700000e+02   1.0784130e-01
   5.5800000e+02   1.0758715e-01
   5.5900000e+02   1.0418099e-01
   5.6000000e+02   1.0463388e-01
   5.6100000e+02   1.1006747e-01
   5.6200000e+02   1.1377648e-01
   5.6300000e+02   1.1208657e-01
   5.6400000e+02   1.0813141e-01
   5.6500000e+02   9.8692743e-02
   5.6600000e+02   9.8897371e-02
   5.6700000e+02   9.6270198e-02
   5.6800000e+02   9.0295793e-02
   5.6900000e+02   8.4704325e-02
   5.7000000e+02   7.9286376e-02
   5.7100000e+02   7.7293721e-02
   5.7200000e+02   6.9800652e-02
   5.7300000e+02   6.3196519e-02
   5.7400000e+02   6.3953012e-02
   5.7500000e+02   6.0663625e-02
   5.7600000e+02   6.5522129e-02
   5.7700000e+02   6.4243732e-02
   5.7800000e+02   6.5679014e-02
   5.7900000e+02   6.6453502e-02
   5.8000000e+02   6.1985459e-02
   5.8100000e+02   5.8464241e-02
   5.8200000e+02   6.1194731e-02
   5.8300000e+02   7.0939589e-02
   5.8400000e+02   7.2278124e-02
   5.8500000e+02   6.4696145e-02
   5.8600000e+02   5.5706823e-02
   5.8700000e+02   6.4178655e-02
   5.8800000e+02   7.0574353e-02
   5.8900000e+02   7.3979504e-02
   5.9000000e+02   6.4508578e-02
   5.9100000e+02   5.7063449e-02
   5.9200000e+02   5.3184356e-02
   5.9300000e+02   5.6410798e-02
   5.9400000e+02   5.8790369e-02
   5.9500000e+02   6.7610208e-02
   5.9600000e+02   6.8782344e-02
   5.9700000e+02   7.0336811e-02
   5.9800000e+02   6.7293118e-02
   5.9900000e+02   5.5750372e-02
   6.0000000e+02   6.2216450e-02
   6.0100000e+02   6.4557633e-02
   6.0200000e+02   7.6231854e-02
   6.0300000e+02   9.4467119e-02
   6.0400000e+02   9.6421430e-02
   6.0500000e+02   1.0301729e-01
   6.0600000e+02   1.2015034e-01
   6.0700000e+02   1.2966579e-01
   6.0800000e+02   1.4405760e-01
   6.0900000e+02   1.4467486e-01
   6.1000000e+02   1.4789214e-01
   6.1100000e+02   1.4238208e-01
   6.1200000e+02   1.3719405e-01
   6.1300000e+02   1.3721648e-01
   6.1400000e+02   1.3179624e-01
   6.1500000e+02   1.1996949e-01
   6.1600000e+02   1.0890821e-01
   6.1700000e+02   1.0097608e-01
   6.1800000e+02   8.5896490e-02
   6.1900000e+02   8.1486134e-02
   6.2000000e+02   8.4822983e-02
   6.2100000e+02   8.9585151e-02
   6.2200000e+02   8.9131310e-02
   6.2300000e+02   7.9669608e-02
   6.2400000e+02   8.1339833e-02
   6.2500000e+02   8.7059500e-02
   6.2600000e+02   9.8455296e-02
   6.2700000e+02   1.0680780e-01
   6.2800000e+02   1.1403450e-01
   6.2900000e+02   1.2422678e-01
   6.3000000e+02   1.3816224e-01
   6.3100000e+02   1.5700815e-01
   6.3200000e+02   1.7719189e-01
   6.3300000e+02   2.0389634e-01
   6.3400000e+02   2.4959005e-01
   6.3500000e+02   2.8181616e-01
   6.3600000e+02   3.0815888e-01
   6.3700000e+02   3.4770412e-01
   6.3800000e+02   3.9920237e-01
   6.3900000e+02   4.4227399e-01
   6.4000000e+02   4.6591853e-01
   6.4100000e+02   4.8965504e-01
   6.4200000e+02   5.1318738e-01
   6.4300000e+02   5.1859166e-01
   6.4400000e+02   5.0588999e-01
   6.4500000e+02   4.8565946e-01
   6.4600000e+02   4.7018856e-01
   6.4700000e+02   4.3944280e-01
   6.4800000e+02   4.0093625e-01
   6.4900000e+02   3.5143640e-01
   6.5000000e+02   3.0146729e-01
   6.5100000e+02   2.6397375e-01
   6.5200000e+02   2.3105990e-01
   6.5300000e+02   2.0120084e-01
   6.5400000e+02   1.6957326e-01
   6.5500000e+02   1.3683248e-01
   6.5600000e+02   1.1479070e-01
   6.5700000e+02   9.0484177e-02
   6.5800000e+02   7.4534839e-02
   6.5900000e+02   6.7236939e-02
   6.6000000e+02   5.9466693e-02
   6.6100000e+02   5.7600905e-02
   6.6200000e+02   5.3077690e-02
   6.6300000e+02   5.1482067e-02
   6.6400000e+02   4.7646185e-02
   6.6500000e+02   3.9022197e-02
   6.6600000e+02   2.8428908e-02
   6.6700000e+02   2.7410474e-02
   6.6800000e+02   3.0440231e-02
   6.6900000e+02   2.9732820e-02
   6.7000000e+02   2.2631999e-02
   6.7100000e+02   2.9401169e-02
   6.7200000e+02   3.4131146e-02
   6.7300000e+02   3.5758934e-02
   6.7400000e+02   3.3487388e-02
   6.7500000e+02   3.3771912e-02
   6.7600000e+02   4.7558030e-02
   6.7700000e+02   5.6482302e-02
   6.7800000e+02   6.2984561e-02
   6.7900000e+02   5.3856514e-02
   6.8000000e+02   5.1983073e-02
   6.8100000e+02   6.0578456e-02
   6.8200000e+02   6.2285642e-02
   6.8300000e+02   6.3227685e-02
   6.8400000e+02   6.0815499e-02
   6.8500000e+02   5.4148037e-02
   6.8600000e+02   4.1593944e-02
   6.8700000e+02   3.5496996e-02
   6.8800000e+02   4.3461292e-02
   6.8900000e+02   5.0874198e-02
   6.9000000e+02   5.0580264e-02
   6.9100000e+02   4.2395938e-02
   6.9200000e+02   3.5427373e-02
   6.9300000e+02   3.5942791e-02
   6.9400000e+02   3.8854782e-02
   6.9500000e+02   4.0952268e-02
   6.9600000e+02   3.9572558e-02
   6.9700000e+02   4.5136611e-02
   6.9800000e+02   5.5987852e-02
   6.9900000e+02   6.7557952e-02
   7.0000000e+02   8.1574349e-02
   7.0100000e+02   9.0985351e-02
   7.0200000e+02   1.0397772e-01
   7.0300000e+02   1.2192687e-01
   7.0400000e+02   1.3111481e-01
   7.0500000e+02   1.3880176e-01
   7.0600000e+02   1.5594283e-01
   7.0700000e+02   1.6987816e-01
   7.0800000e+02   1.7489855e-01
   7.0900000e+02   1.8703221e-01
   7.1000000e+02   2.0206901e-01
   7.1100000e+02   2.1840786e-01
   7.1200000e+02   2.3197304e-01
   7.1300000e+02   2.5348689e-01
   7.1400000e+02   2.7598098e-01
   7.1500000e+02   3.1753259e-01
   7.1600000e+02   3.6283286e-01
   7.1700000e+02   4.2142303e-01
   7.1800000e+02   4.7671214e-01
   7.1900000e+02   5.3523698e-01
   7.2000000e+02   5.9373595e-01
   7.2100000e+02   6.6024068e-01
   7.2200000e+02   7.0810125e-01
   7.2300000e+02   7.5314759e-01
   7.2400000e+02   7.8598277e-01
   7.2500000e+02   8.1166831e-01
   7.2600000e+02   8.0952528e-01
   7.2700000e+02   7.8758880e-01
   7.2800000e+02   7.6356323e-01
   7.2900000e+02   7.2203870e-01
   7.3000000e+02   6.5392350e-01
   7.3100000e+02   5.8959391e-01
   7.3200000e+02   5.2518359e-01
   7.3300000e+02   4.5947028e-01
   7.3400000e+02   4.0128666e-01
   7.3500000e+02   3.4285910e-01
   7.3600000e+02   2.9443611e-01
   7.3700000e+02   2.5101233e-01
   7.3800000e+02   2.1531644e-01
   7.3900000e+02   1.8728829e-01
   7.4000000e+02   1.6661605e-01
   7.4100000e+02   1.5784827e-01
   7.4200000e+02   1.4438928e-01
   7.4300000e+02   1.3215042e-01
   7.4400000e+02   1.1647806e-01
   7.4500000e+02   1.1345705e-01
   7.4600000e+02   1.1196644e-01
   7.4700000e+02   1.1154238e-01
   7.4800000e+02   1.0814295e-01
   7.4900000e+02   1.1075826e-01
   7.5000000e+02   1.0964608e-01
   7.5100000e+02   1.1209097e-01
   7.5200000e+02   1.1770200e-01
   7.5300000e+02   1.1692518e-01
   7.5400000e+02   1.1562264e-01
   7.5500000e+02   1.2827019e-01
   7.5600000e+02   1.3802668e-01
   7.5700000e+02   1.4952243e-01
   7.5800000e+02   1.5428194e-01
   7.5900000e+02   1.5272098e-01
   7.6000000e+02   1.5883056e-01
   7.6100000e+02   1.6311235e-01
   7.6200000e+02   1.7528557e-01
   7.6300000e+02   1.8373826e-01
   7.6400000e+02   1.8411653e-01
   7.6500000e+02   1.8967688e-01
   7.6600000e+02   1.8877835e-01
   7.6700000e+02   1.8769998e-01
   7.6800000e+02   1.7803081e-01
   7.6900000e+02   1.7456087e-01
   7.7000000e+02   1.6963332e-01
   7.7100000e+02   1.6043590e-01
   7.7200000e+02   1.5287173e-01
   7.7300000e+02   1.3376274e-01
   7.7400000e+02   1.2137186e-01
   7.7500000e+02   1.0951247e-01
   7.7600000e+02   9.4008565e-02
   7.7700000e+02   8.2310731e-02
   7.7800000e+02   7.3391436e-02
   7.7900000e+02   6.5380224e-02
   7.8000000e+02   5.6032177e-02
   7.8100000e+02   5.7878217e-02
   7.8200000e+02   5.0867099e-02
   7.8300000e+02   4.3432164e-02
   7.8400000e+02   3.5308793e-02
   7.8500000e+02   3.4341515e-02
   7.8600000e+02   3.5064449e-02
   7.8700000e+02   3.2598346e-02
   7.8800000e+02   3.4353526e-02
   7.8900000e+02   4.4112927e-02
   7.9000000e+02   6.7469360e-02
   7.9100000e+02   7.8377073e-02
   7.9200000e+02   8.5996219e-02
   7.9300000e+02   9.3418974e-02
   7.9400000e+02   1.0357713e-01
   7.9500000e+02   1.1362931e-01
   7.9600000e+02   1.1904827e-01
   7.9700000e+02   1.1982870e-01
   7.9800000e+02   1.1422283e-01
   7.9900000e+02   1.0627480e-01
   8.0000000e+02   1.0269485e-01
   8.0100000e+02   1.0496945e-01
   8.0200000e+02   1.0078595e-01
   8.0300000e+02   8.7037649e-02
   8.0400000e+02   7.7233557e-02
   8.0500000e+02   7.1661010e-02
   8.0600000e+02   6.8193633e-02
   8.0700000e+02   5.1295797e-02
   8.0800000e+02   4.7970712e-02
   8.0900000e+02   5.3322147e-02
   8.1000000e+02   5.8818673e-02
   8.1100000e+02   6.2716283e-02
   8.1200000e+02   6.4151630e-02
   8.1300000e+02   7.3107092e-02
   8.1400000e+02   8.1987925e-02
   8.1500000e+02   9.1770620e-02
   8.1600000e+02   1.0284018e-01
   8.1700000e+02   1.0933339e-01
   8.1800000e+02   1.2400152e-01
   8.1900000e+02   1.4196969e-01
   8.2000000e+02   1.5435580e-01
   8.2100000e+02   1.7738443e-01
   8.2200000e+02   1.9530672e-01
   8.2300000e+02   2.0766807e-01
   8.2400000e+02   2.1255578e-01
   8.2500000e+02   2.1905987e-01
   8.2600000e+02   2.2114812e-01
   8.2700000e+02   2.1814692e-01
   8.2800000e+02   2.1364246e-01
   8.2900000e+02   2.0209420e-01
   8.3000000e+02   1.8407458e-01
   8.3100000e+02   1.6557524e-01
   8.3200000e+02   1.4583590e-01
   8.3300000e+02   1.3417709e-01
   8.3400000e+02   1.1582433e-01
   8.3500000e+02   1.0170840e-01
   8.3600000e+02   8.5222301e-02
   8.3700000e+02   6.8111413e-02
   8.3800000e+02   5.5398845e-02
   8.3900000e+02   3.4533777e-02
   8.4000000e+02   2.8389998e-02
   8.4100000e+02   2.8846620e-02
   8.4200000e+02   2.3566226e-02
   8.4300000e+02   1.6732216e-02
   8.4400000e+02   1.8102685e-02
   8.4500000e+02   2.2385337e-02
   8.4600000e+02   2.5358547e-02
   8.4700000e+02   2.2163021e-02
   8.4800000e+02   2.1341828e-02
   8.4900000e+02   1.5666613e-02
   8.5000000e+02   1.3937087e-02
   8.5100000e+02   1.5021543e-02
   8.5200000e+02   2.3005513e-02
   8.5300000e+02   2.7588682e-02
   8.5400000e+02   3.2411020e-02
   8.5500000e+02   3.1017899e-02
   8.5600000e+02   2.5612708e-02
   8.5700000e+02   2.2040300e-02
   8.5800000e+02   2.9849756e-02
   8.5900000e+02   3.7361260e-02
   8.6000000e+02   3.8672689e-02
   8.6100000e+02   4.1727166e-02
   8.6200000e+02   4.7531715e-02
   8.6300000e+02   5.6971897e-02
   8.6400000e+02   6.0001613e-02
   8.6500000e+02   5.3530084e-02
   8.6600000e+02   5.4016884e-02
   8.6700000e+02   5.6050425e-02
   8.6800000e+02   6.1380394e-02
   8.6900000e+02   6.7410491e-02
   8.7000000e+02   8.2000269e-02
   8.7100000e+02   8.5269039e-02
   8.7200000e+02   8.4060451e-02
   8.7300000e+02   8.4893654e-02
   8.7400000e+02   9.1579188e-02
   8.7500000e+02   9.5671094e-02
   8.7600000e+02   9.4421630e-02
   8.7700000e+02   1.0272147e-01
   8.7800000e+02   1.0445246e-01
   8.7900000e+02   1.0403838e-01
   8.8000000e+02   1.0467774e-01
   8.8100000e+02   9.9821514e-02
   8.8200000e+02   9.6263593e-02
   8.8300000e+02   9.9038142e-02
   8.8400000e+02   9.6981739e-02
   8.8500000e+02   9.3539880e-02
   8.8600000e+02   9.0461364e-02
   8.8700000e+02   9.4927806e-02
   8.8800000e+02   9.6048601e-02
   8.8900000e+02   8.8953066e-02
   8.9000000e+02   8.8010636e-02
   8.9100000e+02   8.7556264e-02
   8.9200000e+02   8.1677007e-02
   8.9300000e+02   8.5214198e-02
   8.9400000e+02   8.5931773e-02
   8.9500000e+02   8.4074709e-02
   8.9600000e+02   7.6690328e-02
   8.9700000e+02   8.1221899e-02
   8.9800000e+02   8.7150974e-02
   8.9900000e+02   8.8101142e-02
   9.0000000e+02   8.6143776e-02
   9.0100000e+02   8.8603619e-02
   9.0200000e+02   9.0013214e-02
   9.0300000e+02   1.0205063e-01
   9.0400000e+02   1.1278891e-01
   9.0500000e+02   1.1992115e-01
   9.0600000e+02   1.2494698e-01
   9.0700000e+02   1.3371754e-01
   9.0800000e+02   1.4179810e-01
   9.0900000e+02   1.4972341e-01
   9.1000000e+02   1.6989978e-01
   9.1100000e+02   1.9064026e-01
   9.1200000e+02   2.0018414e-01
   9.1300000e+02   2.1085216e-01
   9.1400000e+02   2.2372678e-01
   9.1500000e+02   2.2827197e-01
   9.1600000e+02   2.1995529e-01
   9.1700000e+02   2.1122942e-01
   9.1800000e+02   2.0211961e-01
   9.1900000e+02   1.9302824e-01
   9.2000000e+02   1.8042550e-01
   9.2100000e+02   1.6089715e-01
   9.2200000e+02   1.4077933e-01
   9.2300000e+02   1.2137787e-01
   9.2400000e+02   1.0134019e-01
   9.2500000e+02   8.1412295e-02
   9.2600000e+02   6.7125101e-02
   9.2700000e+02   5.8634191e-02
   9.2800000e+02   5.2787016e-02
   9.2900000e+02   3.6112152e-02
   9.3000000e+02   2.1683287e-02
   9.3100000e+02   1.3834984e-02
   9.3200000e+02   1.1066548e-02
   9.3300000e+02   5.3991334e-03
   9.3400000e+02   1.7364999e-03
   9.3500000e+02   7.0418578e-04
   9.3600000e+02  -1.3906932e-03
   9.3700000e+02  -2.6371039e-03
   9.3800000e+02  -6.2048188e-03
   9.3900000e+02  -1.0930229e-02
   9.4000000e+02  -1.3845085e-02
   9.4100000e+02  -1.3445703e-02
   9.4200000e+02  -5.6313947e-03
   9.4300000e+02  -1.3074662e-03
   9.4400000e+02  -1.4506751e-03
   9.4500000e+02  -3.0736313e-03
   9.4600000e+02   8.9912384e-05
   9.4700000e+02   1.0316919e-03
   9.4800000e+02   3.2055768e-03
   9.4900000e+02   8.0598899e-04
   9.5000000e+02   4.5184824e-03
   9.5100000e+02   3.6982399e-03
   9.5200000e+02   3.2476188e-03
   9.5300000e+02   5.8717415e-03
   9.5400000e+02   1.0263312e-02
   9.5500000e+02   1.5534376e-02
   9.5600000e+02   1.7059079e-02
   9.5700000e+02   1.9447305e-02
   9.5800000e+02   1.7366949e-02
   9.5900000e+02   2.0561426e-02
   9.6000000e+02   2.2647106e-02
   9.6100000e+02   2.7278081e-02
   9.6200000e+02   3.0382000e-02
   9.6300000e+02   3.4751826e-02
   9.6400000e+02   3.7631460e-02
   9.6500000e+02   3.3212340e-02
   9.6600000e+02   3.2916045e-02
   9.6700000e+02   3.1159426e-02
   9.6800000e+02   2.7165669e-02
   9.6900000e+02   2.5377949e-02
   9.7000000e+02   2.8957180e-02
   9.7100000e+02   3.5872976e-02
   9.7200000e+02   4.0834570e-02
   9.7300000e+02   4.6080696e-02
   9.7400000e+02   5.0600956e-02
   9.7500000e+02   5.3247439e-02
   9.7600000e+02   6.3134580e-02
   9.7700000e+02   6.5147098e-02
   9.7800000e+02   7.4261060e-02
   9.7900000e+02   8.2716546e-02
   9.8000000e+02   9.0392815e-02
   9.8100000e+02   9.4768578e-02
   9.8200000e+02   1.0638292e-01
   9.8300000e+02   1.2025242e-01
   9.8400000e+02   1.3860096e-01
   9.8500000e+02   1.5491124e-01
   9.8600000e+02   1.6350895e-01
   9.8700000e+02   1.6783713e-01
   9.8800000e+02   1.8404329e-01
   9.8900000e+02   2.0810396e-01
   9.9000000e+02   2.3533844e-01
   9.9100000e+02   2.5053137e-01
   9.9200000e+02   2.6510003e-01
   9.9300000e+02   2.8219968e-01
   9.9400000e+02   3.0568382e-01
   9.9500000e+02   3.2811473e-01
   9.9600000e+02   3.5031695e-01
   9.9700000e+02   3.6725681e-01
   9.9800000e+02   3.8572987e-01
   9.9900000e+02   4.1372462e-01
   1.0000000e+03   4.3961715e-01
   1.0010000e+03   4.5773150e-01
   1.0020000e+03   4.6932144e-01
   1.0030000e+03   4.8404247e-01
   1.0040000e+03   5.0615864e-01
   1.0050000e+03   5.2556572e-01
   1.0060000e+03   5.3615827e-01
   1.0070000e+03   5.3841114e-01
   1.0080000e+03   5.4200723e-01
   1.0090000e+03   5.4892032e-01
   1.0100000e+03   5.5069156e-01
   1.0110000e+03   5.3723682e-01
   1.0120000e+03   5.2091474e-01
   1.0130000e+03   5.0955700e-01
   1.0140000e+03   4.9224585e-01
   1.0150000e+03   4.7032992e-01
   1.0160000e+03   4.3874727e-01
   1.0170000e+03   4.1341490e-01
   1.0180000e+03   3.8639133e-01
   1.0190000e+03   3.5712425e-01
   1.0200000e+03   3.2644477e-01
   1.0210000e+03   3.0174381e-01
   1.0220000e+03   2.7872307e-01
   1.0230000e+03   2.5110798e-01
   1.0240000e+03   2.2085369e-01
   1.0250000e+03   1.9596137e-01
   1.0260000e+03   1.7843523e-01
   1.0270000e+03   1.6484846e-01
   1.0280000e+03   1.4860552e-01
   1.0290000e+03   1.3217165e-01
   1.0300000e+03   1.1896992e-01
   1.0310000e+03   1.0929069e-01
   1.0320000e+03   9.8445518e-02
   1.0330000e+03   9.1936792e-02
   1.0340000e+03   8.8085038e-02
   1.0350000e+03   8.7268625e-02
   1.0360000e+03   8.4875023e-02
   1.0370000e+03   7.8403243e-02
   1.0380000e+03   6.7076630e-02
   1.0390000e+03   6.2761958e-02
   1.0400000e+03   7.0340838e-02
   1.0410000e+03   7.3828259e-02
   1.0420000e+03   6.3572633e-02
   1.0430000e+03   5.4500466e-02
   1.0440000e+03   5.4053267e-02
   1.0450000e+03   6.0957036e-02
   1.0460000e+03   6.1893495e-02
   1.0470000e+03   6.2657967e-02
   1.0480000e+03   6.1004845e-02
   1.0490000e+03   6.9437745e-02
   1.0500000e+03   7.5884537e-02
   1.0510000e+03   7.6621631e-02
   1.0520000e+03   7.7406376e-02
   1.0530000e+03   7.7458177e-02
   1.0540000e+03   8.1982471e-02
   1.0550000e+03   8.1177946e-02
   1.0560000e+03   8.3492711e-02
   1.0570000e+03   8.5437284e-02
   1.0580000e+03   8.5428613e-02
   1.0590000e+03   8.7069689e-02
   1.0600000e+03   8.8561667e-02
   1.0610000e+03   9.1108303e-02
   1.0620000e+03   9.4237857e-02
   1.0630000e+03   9.8851989e-02
   1.0640000e+03   1.0259246e-01
   1.0650000e+03   9.8721981e-02
   1.0660000e+03   9.8340709e-02
   1.0670000e+03   9.6139134e-02
   1.0680000e+03   9.2265529e-02
   1.0690000e+03   7.9523473e-02
   1.0700000e+03   7.6669114e-02
   1.0710000e+03   7.6625287e-02
   1.0720000e+03   7.3511437e-02
   1.0730000e+03   6.8521017e-02
   1.0740000e+03   6.3967096e-02
   1.0750000e+03   5.3996988e-02
   1.0760000e+03   4.7760678e-02
   1.0770000e+03   4.5399702e-02
   1.0780000e+03   4.2258351e-02
   1.0790000e+03   3.4338262e-02
   1.0800000e+03   2.8453756e-02
   1.0810000e+03   2.2244255e-02
   1.0820000e+03   1.7639804e-02
   1.0830000e+03   1.3540833e-02
   1.0840000e+03   9.2494030e-03
   1.0850000e+03   9.2173203e-03
   1.0860000e+03   7.7720451e-03
   1.0870000e+03   5.4221335e-03
   1.0880000e+03   2.7992528e-03
   1.0890000e+03   2.4540992e-03
   1.0900000e+03   4.0757943e-03
   1.0910000e+03   5.3767386e-03
   1.0920000e+03   5.0340983e-03
   1.0930000e+03  -2.2739458e-03
   1.0940000e+03  -5.9080979e-03
   1.0950000e+03   4.8392550e-04
   1.0960000e+03   2.7077548e-03
   1.0970000e+03  -5.5447561e-04
   1.0980000e+03  -7.8848063e-04
   1.0990000e+03   2.1160951e-03
   1.1000000e+03   8.9081858e-03
   1.1010000e+03   6.6659195e-03
   1.1020000e+03   9.6695278e-03
   1.1030000e+03   1.0488521e-02
   1.1040000e+03   7.9891409e-03
   1.1050000e+03   1.4439590e-02
   1.1060000e+03   2.1106407e-02
   1.1070000e+03   3.4463638e-02
   1.1080000e+03   3.3888821e-02
   1.1090000e+03   3.2181499e-02
   1.1100000e+03   2.8922545e-02
   1.1110000e+03   3.4181980e-02
   1.1120000e+03   4.4699728e-02
   1.1130000e+03   5.3693778e-02
   1.1140000e+03   5.2879908e-02
   1.1150000e+03   4.7508647e-02
   1.1160000e+03   4.4255907e-02
   1.1170000e+03   4.9118671e-02
   1.1180000e+03   5.5980116e-02
   1.1190000e+03   6.1113334e-02
   1.1200000e+03   5.9188944e-02
   1.1210000e+03   5.2961220e-02
   1.1220000e+03   5.0170840e-02
   1.1230000e+03   5.3579186e-02
   1.1240000e+03   5.2254848e-02
   1.1250000e+03   4.8654982e-02
   1.1260000e+03   4.5483751e-02
   1.1270000e+03   4.8188333e-02
   1.1280000e+03   4.4457594e-02
   1.1290000e+03   3.6226923e-02
   1.1300000e+03   2.2862680e-02
   1.1310000e+03   2.0999675e-02
   1.1320000e+03   1.8516725e-02
   1.1330000e+03   1.8402402e-02
   1.1340000e+03   1.7258913e-02
   1.1350000e+03   1.4989437e-02
   1.1360000e+03   1.4267155e-02
   1.1370000e+03   1.1000731e-02
   1.1380000e+03   5.7117678e-03
   1.1390000e+03   1.7666364e-03
   1.1400000e+03   3.7424429e-03
   1.1410000e+03   9.1962331e-03
   1.1420000e+03   1.2399902e-02
   1.1430000e+03   4.5521604e-03
   1.1440000e+03  -1.2334010e-03
   1.1450000e+03  -1.5025255e-03
   1.1460000e+03   3.1738253e-03
   1.1470000e+03   5.0760912e-03
   1.1480000e+03  -8.0117410e-04
   1.1490000e+03  -1.4234941e-03
   1.1500000e+03   1.7361853e-03
   1.1510000e+03   4.9315414e-04
   1.1520000e+03   3.9667688e-03
   1.1530000e+03   1.5721145e-02
   1.1540000e+03   2.7006892e-02
   1.1550000e+03   2.9006166e-02
   1.1560000e+03   3.2287098e-02
   1.1570000e+03   3.5375750e-02
   1.1580000e+03   4.8089608e-02
   1.1590000e+03   5.9106990e-02
   1.1600000e+03   6.9611915e-02
   1.1610000e+03   8.2310400e-02
   1.1620000e+03   1.0460874e-01
   1.1630000e+03   1.3622151e-01
   1.1640000e+03   1.6481674e-01
   1.1650000e+03   1.9542923e-01
   1.1660000e+03   2.3017027e-01
   1.1670000e+03   2.7791861e-01
   1.1680000e+03   3.2937776e-01
   1.1690000e+03   3.9258702e-01
   1.1700000e+03   4.6827197e-01
   1.1710000e+03   5.4354970e-01
   1.1720000e+03   6.1810813e-01
   1.1730000e+03   6.8304996e-01
   1.1740000e+03   7.3762099e-01
   1.1750000e+03   7.8435810e-01
   1.1760000e+03   8.0998395e-01
   1.1770000e+03   8.1326454e-01
   1.1780000e+03   8.0159874e-01
   1.1790000e+03   7.7705576e-01
   1.1800000e+03   7.3725004e-01
   1.1810000e+03   6.7690401e-01
   1.1820000e+03   5.9956036e-01
   1.1830000e+03   5.2486813e-01
   1.1840000e+03   4.5042495e-01
   1.1850000e+03   3.8604639e-01
   1.1860000e+03   3.2285463e-01
   1.1870000e+03   2.6553454e-01
   1.1880000e+03   2.2291660e-01
   1.1890000e+03   1.9213056e-01
   1.1900000e+03   1.6777599e-01
   1.1910000e+03   1.4509364e-01
   1.1920000e+03   1.2680588e-01
   1.1930000e+03   1.1917964e-01
   1.1940000e+03   1.2285089e-01
   1.1950000e+03   1.2287394e-01
   1.1960000e+03   1.2428505e-01
   1.1970000e+03   1.2711374e-01
   1.1980000e+03   1.2666219e-01
   1.1990000e+03   1.3407951e-01
   1.2000000e+03   1.4603963e-01
   1.2010000e+03   1.5428867e-01
   1.2020000e+03   1.6376400e-01
   1.2030000e+03   1.7542762e-01
   1.2040000e+03   1.8626441e-01
   1.2050000e+03   1.9936695e-01
   1.2060000e+03   2.1386755e-01
   1.2070000e+03   2.3062622e-01
   1.2080000e+03   2.4613697e-01
   1.2090000e+03   2.6194567e-01
   1.2100000e+03   2.7788342e-01
   1.2110000e+03   2.9539279e-01
   1.2120000e+03   3.1114912e-01
   1.2130000e+03   3.2374932e-01
   1.2140000e+03   3.4152840e-01
   1.2150000e+03   3.6480246e-01
   1.2160000e+03   3.8600587e-01
   1.2170000e+03   3.9180742e-01
   1.2180000e+03   3.9563015e-01
   1.2190000e+03   4.0642900e-01
   1.2200000e+03   4.1497749e-01
   1.2210000e+03   4.2325694e-01
   1.2220000e+03   4.2876132e-01
   1.2230000e+03   4.3713424e-01
   1.2240000e+03   4.4278441e-01
   1.2250000e+03   4.4991200e-01
   1.2260000e+03   4.5823975e-01
   1.2270000e+03   4.6818020e-01
   1.2280000e+03   4.7879434e-01
   1.2290000e+03   4.9419032e-01
   1.2300000e+03   5.1123421e-01
   1.2310000e+03   5.2770664e-01
   1.2320000e+03   5.5432107e-01
   1.2330000e+03   5.8672233e-01
   1.2340000e+03   6.2927257e-01
   1.2350000e+03   6.7217917e-01
   1.2360000e+03   7.2823474e-01
   1.2370000e+03   7.8227164e-01
   1.2380000e+03   8.2997514e-01
   1.2390000e+03   8.8100265e-01
   1.2400000e+03   9.3835902e-01
   1.2410000e+03   9.9027500e-01
   1.2420000e+03   1.0444437e+00
   1.2430000e+03   1.0906134e+00
   1.2440000e+03   1.1356106e+00
   1.2450000e+03   1.1814335e+00
   1.2460000e+03   1.2132693e+00
   1.2470000e+03   1.2387136e+00
   1.2480000e+03   1.2490972e+00
   1.2490000e+03   1.2548294e+00
   1.2500000e+03   1.2402527e+00
   1.2510000e+03   1.2322691e+00
   1.2520000e+03   1.2139396e+00
   1.2530000e+03   1.1928602e+00
   1.2540000e+03   1.1627542e+00
   1.2550000e+03   1.1202477e+00
   1.2560000e+03   1.0784980e+00
   1.2570000e+03   1.0389985e+00
   1.2580000e+03   9.9628214e-01
   1.2590000e+03   9.4741325e-01
   1.2600000e+03   8.9592102e-01
   1.2610000e+03   8.5210740e-01
   1.2620000e+03   8.1924662e-01
   1.2630000e+03   7.8312437e-01
   1.2640000e+03   7.4054827e-01
   1.2650000e+03   6.9567484e-01
   1.2660000e+03   6.6151929e-01
   1.2670000e+03   6.3695218e-01
   1.2680000e+03   6.2626513e-01
   1.2690000e+03   6.1925603e-01
   1.2700000e+03   6.1530846e-01
   1.2710000e+03   6.0787583e-01
   1.2720000e+03   6.0590410e-01
   1.2730000e+03   6.1037502e-01
   1.2740000e+03   6.2532242e-01
   1.2750000e+03   6.4255615e-01
   1.2760000e+03   6.5986303e-01
   1.2770000e+03   6.8432647e-01
   1.2780000e+03   7.1597097e-01
   1.2790000e+03   7.4780626e-01
   1.2800000e+03   7.8355941e-01
   1.2810000e+03   8.3633266e-01
   1.2820000e+03   8.9496899e-01
   1.2830000e+03   9.6061799e-01
   1.2840000e+03   1.0285873e+00
   1.2850000e+03   1.1161727e+00
   1.2860000e+03   1.2096771e+00
   1.2870000e+03   1.3048537e+00
   1.2880000e+03   1.4172213e+00
   1.2890000e+03   1.5550714e+00
   1.2900000e+03   1.7041178e+00
   1.2910000e+03   1.8595054e+00
   1.2920000e+03   2.0250876e+00
   1.2930000e+03   2.1936999e+00
   1.2940000e+03   2.3687399e+00
   1.2950000e+03   2.5499359e+00
   1.2960000e+03   2.7290354e+00
   1.2970000e+03   2.9053760e+00
   1.2980000e+03   3.0741893e+00
   1.2990000e+03   3.2352240e+00
   1.3000000e+03   3.3883229e+00
   1.3010000e+03   3.5423879e+00
   1.3020000e+03   3.6710330e+00
   1.3030000e+03   3.7689224e+00
   1.3040000e+03   3.8332461e+00
   1.3050000e+03   3.8706274e+00
   1.3060000e+03   3.8831020e+00
   1.3070000e+03   3.8654021e+00
   1.3080000e+03   3.8081587e+00
   1.3090000e+03   3.7356460e+00
   1.3100000e+03   3.6376658e+00
   1.3110000e+03   3.5187916e+00
   1.3120000e+03   3.3756505e+00
   1.3130000e+03   3.2203060e+00
   1.3140000e+03   3.0731958e+00
   1.3150000e+03   2.9397344e+00
   1.3160000e+03   2.8180333e+00
   1.3170000e+03   2.7223502e+00
   1.3180000e+03   2.6631748e+00
   1.3190000e+03   2.6408903e+00
   1.3200000e+03   2.6473541e+00
   1.3210000e+03   2.6942053e+00
   1.3220000e+03   2.7911625e+00
   1.3230000e+03   2.9333774e+00
   1.3240000e+03   3.1533509e+00
   1.3250000e+03   3.4513963e+00
   1.3260000e+03   3.8197372e+00
   1.3270000e+03   4.2748208e+00
   1.3280000e+03   4.8172670e+00
   1.3290000e+03   5.4503557e+00
   1.3300000e+03   6.1584815e+00
   1.3310000e+03   6.9216306e+00
   1.3320000e+03   7.7175838e+00
   1.3330000e+03   8.4820685e+00
   1.3340000e+03   9.1785540e+00
   1.3350000e+03   9.7548873e+00
   1.3360000e+03   1.0177141e+01
   1.3370000e+03   1.0411212e+01
   1.3380000e+03   1.0438322e+01
   1.3390000e+03   1.0284166e+01
   1.3400000e+03   9.9259825e+00
   1.3410000e+03   9.4038928e+00
   1.3420000e+03   8.7307663e+00
   1.3430000e+03   7.9721453e+00
   1.3440000e+03   7.1736962e+00
   1.3450000e+03   6.3624283e+00
   1.3460000e+03   5.6034304e+00
   1.3470000e+03   4.9164328e+00
   1.3480000e+03   4.3285385e+00
   1.3490000e+03   3.8372662e+00
   1.3500000e+03   3.4297886e+00
   1.3510000e+03   3.0940521e+00
   1.3520000e+03   2.8421368e+00
   1.3530000e+03   2.6391515e+00
   1.3540000e+03   2.4871430e+00
   1.3550000e+03   2.3705281e+00
   1.3560000e+03   2.2761847e+00
   1.3570000e+03   2.1984003e+00
   1.3580000e+03   2.1513348e+00
   1.3590000e+03   2.1193096e+00
   1.3600000e+03   2.0935876e+00
   1.3610000e+03   2.0738103e+00
   1.3620000e+03   2.0611483e+00
   1.3630000e+03   2.0517402e+00
   1.3640000e+03   2.0587456e+00
   1.3650000e+03   2.0569205e+00
   1.3660000e+03   2.0456543e+00
   1.3670000e+03   2.0366868e+00
   1.3680000e+03   2.0354719e+00
   1.3690000e+03   2.0291540e+00
   1.3700000e+03   2.0176026e+00
   1.3710000e+03   2.0197056e+00
   1.3720000e+03   2.0312491e+00
   1.3730000e+03   2.0372426e+00
   1.3740000e+03   2.0381747e+00
   1.3750000e+03   2.0414216e+00
   1.3760000e+03   2.0320815e+00
   1.3770000e+03   2.0158237e+00
   1.3780000e+03   1.9805536e+00
   1.3790000e+03   1.9439203e+00
   1.3800000e+03   1.8936172e+00
   1.3810000e+03   1.8218448e+00
   1.3820000e+03   1.7335198e+00
   1.3830000e+03   1.6513834e+00
   1.3840000e+03   1.5647059e+00
   1.3850000e+03   1.4798277e+00
   1.3860000e+03   1.3915737e+00
   1.3870000e+03   1.3125206e+00
   1.3880000e+03   1.2401944e+00
   1.3890000e+03   1.1709881e+00
   1.3900000e+03   1.1061970e+00
   1.3910000e+03   1.0470164e+00
   1.3920000e+03   9.9787279e-01
   1.3930000e+03   9.5437234e-01
   1.3940000e+03   9.1189135e-01
   1.3950000e+03   8.7571240e-01
   1.3960000e+03   8.3605822e-01
   1.3970000e+03   8.1048535e-01
   1.3980000e+03   7.7665206e-01
   1.3990000e+03   7.3649039e-01
   1.4000000e+03   7.0057023e-01
   1.4010000e+03   6.6355388e-01
   1.4020000e+03   6.3451439e-01
   1.4030000e+03   6.0744453e-01
   1.4040000e+03   5.8447104e-01
   1.4050000e+03   5.7141621e-01
   1.4060000e+03   5.6038851e-01
   1.4070000e+03   5.5087321e-01
   1.4080000e+03   5.4343266e-01
   1.4090000e+03   5.5091769e-01
   1.4100000e+03   5.7048433e-01
   1.4110000e+03   6.0318505e-01
   1.4120000e+03   6.3843342e-01
   1.4130000e+03   6.8514501e-01
   1.4140000e+03   7.4919383e-01
   1.4150000e+03   8.2851730e-01
   1.4160000e+03   9.1826744e-01
   1.4170000e+03   1.0086558e+00
   1.4180000e+03   1.1093093e+00
   1.4190000e+03   1.2130353e+00
   1.4200000e+03   1.3034350e+00
   1.4210000e+03   1.3842588e+00
   1.4220000e+03   1.4375685e+00
   1.4230000e+03   1.4693112e+00
   1.4240000e+03   1.4738876e+00
   1.4250000e+03   1.4612360e+00
   1.4260000e+03   1.4279540e+00
   1.4270000e+03   1.3609480e+00
   1.4280000e+03   1.2808009e+00
   1.4290000e+03   1.1820782e+00
   1.4300000e+03   1.0833665e+00
   1.4310000e+03   9.8558978e-01
   1.4320000e+03   9.0252443e-01
   1.4330000e+03   8.4133099e-01
   1.4340000e+03   7.9261367e-01
   1.4350000e+03   7.4426399e-01
   1.4360000e+03   6.9295545e-01
   1.4370000e+03   6.6226554e-01
   1.4380000e+03   6.3797177e-01
   1.4390000e+03   6.1764745e-01
   1.4400000e+03   5.9857759e-01
   1.4410000e+03   5.8541976e-01
   1.4420000e+03   5.7303445e-01
   1.4430000e+03   5.7170210e-01
   1.4440000e+03   5.7695475e-01
   1.4450000e+03   5.8205753e-01
   1.4460000e+03   5.8284219e-01
   1.4470000e+03   5.8276173e-01
   1.4480000e+03   5.8329981e-01
   1.4490000e+03   5.8857946e-01
   1.4500000e+03   5.9732216e-01
   1.4510000e+03   6.0580526e-01
   1.4520000e+03   6.0966976e-01
   1.4530000e+03   6.1339355e-01
   1.4540000e+03   6.2002360e-01
   1.4550000e+03   6.4152429e-01
   1.4560000e+03   6.7203117e-01
   1.4570000e+03   7.0169765e-01
   1.4580000e+03   7.3205518e-01
   1.4590000e+03   7.8181628e-01
   1.4600000e+03   8.3491915e-01
   1.4610000e+03   8.9533648e-01
   1.4620000e+03   9.6619691e-01
   1.4630000e+03   1.0589198e+00
   1.4640000e+03   1.1811954e+00
   1.4650000e+03   1.3142866e+00
   1.4660000e+03   1.4742699e+00
   1.4670000e+03   1.6848969e+00
   1.4680000e+03   1.9402479e+00
   1.4690000e+03   2.2399676e+00
   1.4700000e+03   2.5936879e+00
   1.4710000e+03   2.9894109e+00
   1.4720000e+03   3.4449408e+00
   1.4730000e+03   3.9440438e+00
   1.4740000e+03   4.4692808e+00
   1.4750000e+03   4.9944906e+00
   1.4760000e+03   5.5388127e+00
   1.4770000e+03   6.0602160e+00
   1.4780000e+03   6.5279820e+00
   1.4790000e+03   6.9307587e+00
   1.4800000e+03   7.2135979e+00
   1.4810000e+03   7.3715881e+00
   1.4820000e+03   7.4015055e+00
   1.4830000e+03   7.3068525e+00
   1.4840000e+03   7.0798159e+00
   1.4850000e+03   6.7599668e+00
   1.4860000e+03   6.3398562e+00
   1.4870000e+03   5.8585321e+00
   1.4880000e+03   5.3398861e+00
   1.4890000e+03   4.8031363e+00
   1.4900000e+03   4.2669020e+00
   1.4910000e+03   3.7692248e+00
   1.4920000e+03   3.3402533e+00
   1.4930000e+03   2.9761373e+00
   1.4940000e+03   2.6741883e+00
   1.4950000e+03   2.4291978e+00
   1.4960000e+03   2.2384196e+00
   1.4970000e+03   2.1019378e+00
   1.4980000e+03   2.0129499e+00
   1.4990000e+03   1.9625533e+00
   1.5000000e+03   1.9349139e+00
   1.5010000e+03   1.9258100e+00
   1.5020000e+03   1.9311206e+00
   1.5030000e+03   1.9454764e+00
   1.5040000e+03   1.9542783e+00
   1.5050000e+03   1.9600839e+00
   1.5060000e+03   1.9641229e+00
   1.5070000e+03   1.9563105e+00
   1.5080000e+03   1.9340190e+00
   1.5090000e+03   1.8802231e+00
   1.5100000e+03   1.8108516e+00
   1.5110000e+03   1.7304591e+00
   1.5120000e+03   1.6356797e+00
   1.5130000e+03   1.5295882e+00
   1.5140000e+03   1.4140749e+00
   1.5150000e+03   1.2882568e+00
   1.5160000e+03   1.1698419e+00
   1.5170000e+03   1.0584523e+00
   1.5180000e+03   9.4189672e-01
   1.5190000e+03   8.4020139e-01
   1.5200000e+03   7.5358927e-01
   1.5210000e+03   6.7803996e-01
   1.5220000e+03   6.0593267e-01
   1.5230000e+03   5.4245672e-01
   1.5240000e+03   4.9938850e-01
   1.5250000e+03   4.5713651e-01
   1.5260000e+03   4.2184997e-01
   1.5270000e+03   3.8406718e-01
   1.5280000e+03   3.5662432e-01
   1.5290000e+03   3.3858811e-01
   1.5300000e+03   3.1877121e-01
   1.5310000e+03   3.0646043e-01
   1.5320000e+03   2.9569750e-01
   1.5330000e+03   2.8170217e-01
   1.5340000e+03   2.6835306e-01
   1.5350000e+03   2.6099973e-01
   1.5360000e+03   2.5473125e-01
   1.5370000e+03   2.4596638e-01
   1.5380000e+03   2.3995758e-01
   1.5390000e+03   2.4076961e-01
   1.5400000e+03   2.4741591e-01
   1.5410000e+03   2.4884915e-01
   1.5420000e+03   2.4272444e-01
   1.5430000e+03   2.4052252e-01
   1.5440000e+03   2.4856117e-01
   1.5450000e+03   2.5212535e-01
   1.5460000e+03   2.5391999e-01
   1.5470000e+03   2.6149052e-01
   1.5480000e+03   2.6792250e-01
   1.5490000e+03   2.7842777e-01
   1.5500000e+03   2.9539474e-01
   1.5510000e+03   3.1122710e-01
   1.5520000e+03   3.2234144e-01
   1.5530000e+03   3.4219294e-01
   1.5540000e+03   3.6290037e-01
   1.5550000e+03   3.7693274e-01
   1.5560000e+03   3.9574773e-01
   1.5570000e+03   4.3266301e-01
   1.5580000e+03   4.8104510e-01
   1.5590000e+03   5.3267740e-01
   1.5600000e+03   5.8549581e-01
   1.5610000e+03   6.5943964e-01
   1.5620000e+03   7.5437215e-01
   1.5630000e+03   8.7459542e-01
   1.5640000e+03   1.0186385e+00
   1.5650000e+03   1.1945850e+00
   1.5660000e+03   1.4050540e+00
   1.5670000e+03   1.6572581e+00
   1.5680000e+03   1.9521755e+00
   1.5690000e+03   2.2713712e+00
   1.5700000e+03   2.6046144e+00
   1.5710000e+03   2.9425669e+00
   1.5720000e+03   3.2621891e+00
   1.5730000e+03   3.5511334e+00
   1.5740000e+03   3.8125157e+00
   1.5750000e+03   4.0210671e+00
   1.5760000e+03   4.1434165e+00
   1.5770000e+03   4.2000774e+00
   1.5780000e+03   4.1793580e+00
   1.5790000e+03   4.0795509e+00
   1.5800000e+03   3.9078852e+00
   1.5810000e+03   3.6895925e+00
   1.5820000e+03   3.4386401e+00
   1.5830000e+03   3.1680151e+00
   1.5840000e+03   2.8811638e+00
   1.5850000e+03   2.6114791e+00
   1.5860000e+03   2.3457136e+00
   1.5870000e+03   2.1066816e+00
   1.5880000e+03   1.8881731e+00
   1.5890000e+03   1.7106495e+00
   1.5900000e+03   1.5590077e+00
   1.5910000e+03   1.4368789e+00
   1.5920000e+03   1.3331818e+00
   1.5930000e+03   1.2514915e+00
   1.5940000e+03   1.1833406e+00
   1.5950000e+03   1.1290165e+00
   1.5960000e+03   1.0925406e+00
   1.5970000e+03   1.0677629e+00
   1.5980000e+03   1.0486290e+00
   1.5990000e+03   1.0332403e+00
   1.6000000e+03   1.0078983e+00
   1.6010000e+03   9.7602062e-01
   1.6020000e+03   9.5212323e-01
   1.6030000e+03   9.2722506e-01
   1.6040000e+03   9.0588955e-01
   1.6050000e+03   8.7546648e-01
   1.6060000e+03   8.3436456e-01
   1.6070000e+03   7.8498781e-01
   1.6080000e+03   7.5008975e-01
   1.6090000e+03   7.1490289e-01
   1.6100000e+03   6.7624892e-01
   1.6110000e+03   6.2506406e-01
   1.6120000e+03   5.7958436e-01
   1.6130000e+03   5.3805198e-01
   1.6140000e+03   4.9636561e-01
   1.6150000e+03   4.6248133e-01
   1.6160000e+03   4.3607077e-01
   1.6170000e+03   4.0492662e-01
   1.6180000e+03   3.7397132e-01
   1.6190000e+03   3.4461132e-01
   1.6200000e+03   3.2562865e-01
   1.6210000e+03   3.0896618e-01
   1.6220000e+03   2.9025714e-01
   1.6230000e+03   2.6749085e-01
   1.6240000e+03   2.4634819e-01
   1.6250000e+03   2.3305907e-01
   1.6260000e+03   2.1783364e-01
   1.6270000e+03   2.0522424e-01
   1.6280000e+03   1.9808670e-01
   1.6290000e+03   1.9408152e-01
   1.6300000e+03   1.9808610e-01
   1.6310000e+03   1.8128587e-01
   1.6320000e+03   1.7073360e-01
   1.6330000e+03   1.6797712e-01
   1.6340000e+03   1.7264753e-01
   1.6350000e+03   1.6700618e-01
   1.6360000e+03   1.5526331e-01
   1.6370000e+03   1.4638833e-01
   1.6380000e+03   1.5436339e-01
   1.6390000e+03   1.5856440e-01
   1.6400000e+03   1.6002836e-01
   1.6410000e+03   1.6114335e-01
   1.6420000e+03   1.5797333e-01
   1.6430000e+03   1.6683450e-01
   1.6440000e+03   1.6194922e-01
   1.6450000e+03   1.5255530e-01
   1.6460000e+03   1.5265674e-01
   1.6470000e+03   1.5552578e-01
   1.6480000e+03   1.5585130e-01
   1.6490000e+03   1.5197949e-01
   1.6500000e+03   1.4921143e-01
   1.6510000e+03   1.4255679e-01
   1.6520000e+03   1.4156323e-01
   1.6530000e+03   1.3736543e-01
   1.6540000e+03   1.3307021e-01
   1.6550000e+03   1.2565399e-01
   1.6560000e+03   1.2432352e-01
   1.6570000e+03   1.1828747e-01
   1.6580000e+03   1.2020121e-01
   1.6590000e+03   1.1323040e-01
   1.6600000e+03   1.1186241e-01
   1.6610000e+03   1.0651196e-01
   1.6620000e+03   1.0144900e-01
   1.6630000e+03   1.0144984e-01
   1.6640000e+03   9.1254380e-02
   1.6650000e+03   8.4674177e-02
   1.6660000e+03   7.8691436e-02
   1.6670000e+03   7.5320353e-02
   1.6680000e+03   7.2703069e-02
   1.6690000e+03   6.9994265e-02
   1.6700000e+03   5.9954036e-02
   1.6710000e+03   5.4587078e-02
   1.6720000e+03   5.0998902e-02
   1.6730000e+03   5.1846938e-02
   1.6740000e+03   4.2885059e-02
   1.6750000e+03   3.9130193e-02
   1.6760000e+03   4.3797855e-02
   1.6770000e+03   4.3427540e-02
   1.6780000e+03   3.8317397e-02
   1.6790000e+03   3.5706163e-02
   1.6800000e+03   4.2186180e-02
   1.6810000e+03   3.5571729e-02
   1.6820000e+03   3.3651116e-02
   1.6830000e+03   3.0709265e-02
   1.6840000e+03   3.0558123e-02
   1.6850000e+03   2.3732430e-02
   1.6860000e+03   2.5297935e-02
   1.6870000e+03   3.2700656e-02
   1.6880000e+03   3.4499789e-02
   1.6890000e+03   2.6411948e-02
   1.6900000e+03   2.1073137e-02
   1.6910000e+03   2.3933534e-02
   1.6920000e+03   4.0392017e-02
   1.6930000e+03   4.3154485e-02
   1.6940000e+03   3.4658111e-02
   1.6950000e+03   3.1310378e-02
   1.6960000e+03   3.8679432e-02
   1.6970000e+03   3.8987186e-02
   1.6980000e+03   3.9966192e-02
   1.6990000e+03   3.9430774e-02
   1.7000000e+03   3.6831318e-02
   1.7010000e+03   3.8947253e-02
   1.7020000e+03   3.7678713e-02
   1.7030000e+03   4.0723020e-02
   1.7040000e+03   4.2277636e-02
   1.7050000e+03   4.8799275e-02
   1.7060000e+03   4.8667791e-02
   1.7070000e+03   4.6920323e-02
   1.7080000e+03   4.9392768e-02
   1.7090000e+03   4.8544020e-02
   1.7100000e+03   5.4710207e-02
   1.7110000e+03   5.3036070e-02
   1.7120000e+03   4.9483419e-02
   1.7130000e+03   5.5273662e-02
   1.7140000e+03   5.8313912e-02
   1.7150000e+03   6.0561728e-02
   1.7160000e+03   6.4134153e-02
   1.7170000e+03   6.3926247e-02
   1.7180000e+03   6.2115580e-02
   1.7190000e+03   6.2351516e-02
   1.7200000e+03   6.7546267e-02
   1.7210000e+03   6.2969251e-02
   1.7220000e+03   6.2138528e-02
   1.7230000e+03   6.7085834e-02
   1.7240000e+03   6.9592169e-02
   1.7250000e+03   6.8122247e-02
   1.7260000e+03   7.0855348e-02
   1.7270000e+03   7.3782544e-02
   1.7280000e+03   7.2588659e-02
   1.7290000e+03   6.4902426e-02
   1.7300000e+03   6.5414160e-02
   1.7310000e+03   7.0492099e-02
   1.7320000e+03   8.0761849e-02
   1.7330000e+03   8.4597997e-02
   1.7340000e+03   8.4366209e-02
   1.7350000e+03   7.9696561e-02
   1.7360000e+03   8.1587828e-02
   1.7370000e+03   8.7437651e-02
   1.7380000e+03   8.7736094e-02
   1.7390000e+03   9.0533800e-02
   1.7400000e+03   9.0175146e-02
   1.7410000e+03   8.5661803e-02
   1.7420000e+03   8.3878712e-02
   1.7430000e+03   7.9121519e-02
   1.7440000e+03   8.7045441e-02
   1.7450000e+03   8.9760728e-02
   1.7460000e+03   9.4014101e-02
   1.7470000e+03   9.2203916e-02
   1.7480000e+03   9.0409099e-02
   1.7490000e+03   8.8675179e-02
   1.7500000e+03   8.9061106e-02
   1.7510000e+03   9.4929466e-02
   1.7520000e+03   9.7082141e-02
   1.7530000e+03   1.0166819e-01
   1.7540000e+03   9.8661886e-02
   1.7550000e+03   9.5041322e-02
   1.7560000e+03   8.9258078e-02
   1.7570000e+03   8.5297355e-02
   1.7580000e+03   8.6091508e-02
   1.7590000e+03   8.9989485e-02
   1.7600000e+03   8.6706750e-02
   1.7610000e+03   7.8753131e-02
   1.7620000e+03   7.7191289e-02
   1.7630000e+03   8.0072815e-02
   1.7640000e+03   8.2168867e-02
   1.7650000e+03   8.1524702e-02
   1.7660000e+03   7.9652159e-02
   1.7670000e+03   7.3312604e-02
   1.7680000e+03   7.2088757e-02
   1.7690000e+03   7.1901062e-02
   1.7700000e+03   6.8411014e-02
   1.7710000e+03   6.5487037e-02
   1.7720000e+03   6.5599732e-02
   1.7730000e+03   6.4901768e-02
   1.7740000e+03   6.1784909e-02
   1.7750000e+03   5.5721865e-02
   1.7760000e+03   5.6510205e-02
   1.7770000e+03   5.2579345e-02
   1.7780000e+03   5.6154817e-02
   1.7790000e+03   6.1635748e-02
   1.7800000e+03   5.8292652e-02
   1.7810000e+03   5.1610589e-02
   1.7820000e+03   5.5843064e-02
   1.7830000e+03   5.8686515e-02
   1.7840000e+03   5.1825010e-02
   1.7850000e+03   4.2343826e-02
   1.7860000e+03   3.6494414e-02
   1.7870000e+03   3.3338656e-02
   1.7880000e+03   3.4566988e-02
   1.7890000e+03   4.0951346e-02
   1.7900000e+03   4.0176157e-02
   1.7910000e+03   3.3918126e-02
   1.7920000e+03   2.9731912e-02
   1.7930000e+03   2.8248282e-02
   1.7940000e+03   2.7530455e-02
   1.7950000e+03   2.5980715e-02
   1.7960000e+03   2.5478015e-02
   1.7970000e+03   2.5219154e-02
   1.7980000e+03   2.5742105e-02
   1.7990000e+03   2.3131788e-02
