   3.5100000e+02  -1.5184655e-02
   3.5200000e+02  -9.4757496e-03
   3.5300000e+02  -3.6435594e-03
   3.5400000e+02   4.5664811e-03
   3.5500000e+02  -5.9677036e-03
   3.5600000e+02  -8.9760792e-03
   3.5700000e+02  -7.4042737e-03
   3.5800000e+02  -4.4499406e-03
   3.5900000e+02  -5.2649789e-03
   3.6000000e+02  -4.5356504e-03
   3.6100000e+02  -1.3219834e-02
   3.6200000e+02  -8.1169056e-03
   3.6300000e+02  -2.4833449e-04
   3.6400000e+02  -9.1732977e-04
   3.6500000e+02  -5.3111563e-04
   3.6600000e+02   2.3345740e-04
   3.6700000e+02  -6.8378617e-03
   3.6800000e+02  -9.3086631e-03
   3.6900000e+02  -7.1618668e-03
   3.7000000e+02   9.3279377e-03
   3.7100000e+02   9.3714288e-03
   3.7200000e+02   3.4522998e-03
   3.7300000e+02   3.2877679e-03
   3.7400000e+02   4.6192906e-03
   3.7500000e+02  -5.3127410e-04
   3.7600000e+02  -1.1526916e-03
   3.7700000e+02  -2.1536437e-04
   3.7800000e+02  -2.8795062e-03
   3.7900000e+02   6.0323734e-03
   3.8000000e+02  -4.0213791e-03
   3.8100000e+02  -1.5664234e-02
   3.8200000e+02  -9.7694863e-03
   3.8300000e+02  -1.2353123e-02
   3.8400000e+02  -1.6808000e-02
   3.8500000e+02  -1.1276848e-02
   3.8600000e+02  -1.4178977e-02
   3.8700000e+02  -1.7237273e-02
   3.8800000e+02  -1.4110197e-02
   3.8900000e+02  -8.8406932e-03
   3.9000000e+02  -5.0877042e-03
   3.9100000e+02  -7.4179616e-03
   3.9200000e+02  -6.9970718e-03
   3.9300000e+02  -1.5867397e-03
   3.9400000e+02  -5.9464058e-03
   3.9500000e+02  -6.3990804e-03
   3.9600000e+02  -2.9806502e-03
   3.9700000e+02   3.5479671e-03
   3.9800000e+02   3.9209471e-03
   3.9900000e+02  -7.2370347e-04
   4.0000000e+02  -1.4909954e-02
   4.0100000e+02  -1.2267995e-02
   4.0200000e+02   6.8791045e-03
   4.0300000e+02   1.0119097e-02
   4.0400000e+02   1.2080355e-02
   4.0500000e+02   1.2094223e-02
   4.0600000e+02   1.2965836e-02
   4.0700000e+02   1.6171453e-02
   4.0800000e+02   1.5960664e-02
   4.0900000e+02   1.3301930e-02
   4.1000000e+02   2.0539146e-02
   4.1100000e+02   2.7945735e-02
   4.1200000e+02   2.2053157e-02
   4.1300000e+02   2.4862152e-02
   4.1400000e+02   2.8447931e-02
   4.1500000e+02   2.7577930e-02
   4.1600000e+02   2.4125378e-02
   4.1700000e+02   2.2231224e-02
   4.1800000e+02   3.9279243e-02
   4.1900000e+02   4.0679256e-02
   4.2000000e+02   4.7177763e-02
   4.2100000e+02   5.9843953e-02
   4.2200000e+02   6.3522506e-02
   4.2300000e+02   6.1764266e-02
   4.2400000e+02   5.7432996e-02
   4.2500000e+02   5.6295525e-02
   4.2600000e+02   6.1445064e-02
   4.2700000e+02   6.2769596e-02
   4.2800000e+02   5.9074531e-02
   4.2900000e+02   5.3927178e-02
   4.3000000e+02   6.0012098e-02
   4.3100000e+02   6.0767216e-02
   4.3200000e+02   6.6542114e-02
   4.3300000e+02   7.8603886e-02
   4.3400000e+02   7.2950648e-02
   4.3500000e+02   5.7311415e-02
   4.3600000e+02   4.6134213e-02
   4.3700000e+02   6.4372934e-02
   4.3800000e+02   7.6892704e-02
   4.3900000e+02   7.7165192e-02
   4.4000000e+02   5.8561170e-02
   4.4100000e+02   5.2949478e-02
   4.4200000e+02   5.7646099e-02
   4.4300000e+02   6.7744733e-02
   4.4400000e+02   7.7989966e-02
   4.4500000e+02   8.5067793e-02
   4.4600000e+02   8.0613050e-02
   4.4700000e+02   9.5915346e-02
   4.4800000e+02   1.0872166e-01
   4.4900000e+02   1.0708107e-01
   4.5000000e+02   1.0262550e-01
   4.5100000e+02   9.9018437e-02
   4.5200000e+02   1.0352701e-01
   4.5300000e+02   1.0513948e-01
   4.5400000e+02   1.0470148e-01
   4.5500000e+02   9.8911783e-02
   4.5600000e+02   8.3216748e-02
   4.5700000e+02   7.3403456e-02
   4.5800000e+02   7.3866128e-02
   4.5900000e+02   7.4394158e-02
   4.6000000e+02   7.4031774e-02
   4.6100000e+02   6.3541991e-02
   4.6200000e+02   4.6555250e-02
   4.6300000e+02   3.3622100e-02
   4.6400000e+02   3.7100418e-02
   4.6500000e+02   3.1268508e-02
   4.6600000e+02   1.7711045e-02
   4.6700000e+02   1.6654810e-02
   4.6800000e+02   1.6301741e-02
   4.6900000e+02   1.6537407e-02
   4.7000000e+02   9.7295446e-03
   4.7100000e+02   3.7091884e-03
   4.7200000e+02   3.8816896e-03
   4.7300000e+02   8.7973093e-03
   4.7400000e+02  -1.8217319e-03
   4.7500000e+02  -9.2180511e-03
   4.7600000e+02  -1.1569375e-02
   4.7700000e+02  -9.4042821e-03
   4.7800000e+02  -1.0756533e-02
   4.7900000e+02  -1.7189970e-02
   4.8000000e+02  -1.7786847e-02
   4.8100000e+02  -1.8712783e-02
   4.8200000e+02  -2.0372349e-02
   4.8300000e+02  -1.8867045e-02
   4.8400000e+02  -2.2244901e-02
   4.8500000e+02  -2.0996520e-02
   4.8600000e+02  -1.7552077e-02
   4.8700000e+02  -1.7009902e-02
   4.8800000e+02  -8.4619154e-03
   4.8900000e+02  -7.6727653e-03
   4.9000000e+02  -7.1098689e-03
   4.9100000e+02  -1.5098896e-02
   4.9200000e+02  -1.0380249e-02
   4.9300000e+02  -1.7438947e-03
   4.9400000e+02   1.1681816e-02
   4.9500000e+02  -6.9402485e-03
   4.9600000e+02  -8.8863743e-03
   4.9700000e+02   5.4559888e-04
   4.9800000e+02   8.4677953e-03
   4.9900000e+02   6.7394718e-03
   5.0000000e+02  -4.1522980e-03
   5.0100000e+02  -9.1109614e-03
   5.0200000e+02  -1.2749214e-02
   5.0300000e+02  -7.7960893e-03
   5.0400000e+02  -6.4291980e-03
   5.0500000e+02  -6.2900119e-03
   5.0600000e+02  -1.0119977e-02
   5.0700000e+02   4.1107939e-04
   5.0800000e+02  -5.5142162e-03
   5.0900000e+02  -8.2068531e-03
   5.1000000e+02  -8.5305529e-03
   5.1100000e+02  -1.0191208e-02
   5.1200000e+02  -1.0017874e-02
   5.1300000e+02  -1.7342340e-02
   5.1400000e+02  -1.3940849e-02
   5.1500000e+02  -8.4795918e-03
   5.1600000e+02  -5.9658492e-03
   5.1700000e+02  -2.5813735e-03
   5.1800000e+02  -4.5639064e-03
   5.1900000e+02   9.6930082e-03
   5.2000000e+02   1.5186120e-03
   5.2100000e+02  -8.3156453e-03
   5.2200000e+02  -1.5753630e-03
   5.2300000e+02  -8.2985609e-05
   5.2400000e+02   3.0238972e-03
   5.2500000e+02  -7.5005319e-03
   5.2600000e+02   1.7121402e-03
   5.2700000e+02   8.5951601e-03
   5.2800000e+02  -4.1730357e-03
   5.2900000e+02  -7.8676713e-03
   5.3000000e+02  -6.9835555e-03
   5.3100000e+02  -1.8225583e-02
   5.3200000e+02  -1.6536717e-02
   5.3300000e+02  -1.3867427e-02
   5.3400000e+02  -3.4530979e-03
   5.3500000e+02   5.4678936e-03
   5.3600000e+02   8.3485874e-03
   5.3700000e+02   9.7975959e-03
   5.3800000e+02   1.1759988e-02
   5.3900000e+02   1.2061849e-02
   5.4000000e+02   1.1655520e-02
   5.4100000e+02   5.8782265e-03
   5.4200000e+02   1.1672630e-02
   5.4300000e+02   1.9029796e-02
   5.4400000e+02   1.8909773e-02
   5.4500000e+02   1.6818637e-02
   5.4600000e+02   7.8208897e-03
   5.4700000e+02   1.3658493e-02
   5.4800000e+02   2.8671645e-02
   5.4900000e+02   4.6409441e-02
   5.5000000e+02   5.3398077e-02
   5.5100000e+02   3.5618308e-02
   5.5200000e+02   2.3230436e-02
   5.5300000e+02   2.7749206e-02
   5.5400000e+02   3.9048959e-02
   5.5500000e+02   4.4240259e-02
   5.5600000e+02   4.3252364e-02
   5.5700000e+02   3.9328738e-02
   5.5800000e+02   4.1236529e-02
   5.5900000e+02   3.9049898e-02
   5.6000000e+02   4.4285388e-02
   5.6100000e+02   5.1193474e-02
   5.6200000e+02   5.0424306e-02
   5.6300000e+02   6.4863878e-02
   5.6400000e+02   7.0919865e-02
   5.6500000e+02   6.1954197e-02
   5.6600000e+02   6.6902006e-02
   5.6700000e+02   7.3645378e-02
   5.6800000e+02   7.5122845e-02
   5.6900000e+02   7.0776481e-02
   5.7000000e+02   7.5473788e-02
   5.7100000e+02   8.2690420e-02
   5.7200000e+02   8.0778747e-02
   5.7300000e+02   7.7082097e-02
   5.7400000e+02   8.2341124e-02
   5.7500000e+02   7.6720385e-02
   5.7600000e+02   7.1733287e-02
   5.7700000e+02   7.0212435e-02
   5.7800000e+02   6.5530463e-02
   5.7900000e+02   6.3575316e-02
   5.8000000e+02   5.2870485e-02
   5.8100000e+02   4.4322421e-02
   5.8200000e+02   3.1331824e-02
   5.8300000e+02   2.4106728e-02
   5.8400000e+02   2.6327049e-02
   5.8500000e+02   2.1915962e-02
   5.8600000e+02   3.6409506e-02
   5.8700000e+02   4.3487204e-02
   5.8800000e+02   3.1779069e-02
   5.8900000e+02   2.0454472e-02
   5.9000000e+02   2.1117649e-02
   5.9100000e+02   1.9363326e-02
   5.9200000e+02   2.0185769e-02
   5.9300000e+02   3.0742017e-02
   5.9400000e+02   2.2621324e-02
   5.9500000e+02   2.4669301e-02
   5.9600000e+02   5.2576959e-02
   5.9700000e+02   5.6499583e-02
   5.9800000e+02   4.9959598e-02
   5.9900000e+02   5.8672789e-02
   6.0000000e+02   6.5453971e-02
   6.0100000e+02   6.2084076e-02
   6.0200000e+02   7.0586434e-02
   6.0300000e+02   9.9189906e-02
   6.0400000e+02   1.1408311e-01
   6.0500000e+02   1.1898766e-01
   6.0600000e+02   1.3163573e-01
   6.0700000e+02   1.4755410e-01
   6.0800000e+02   1.9506858e-01
   6.0900000e+02   2.2595644e-01
   6.1000000e+02   2.5434206e-01
   6.1100000e+02   2.6204954e-01
   6.1200000e+02   2.5331012e-01
   6.1300000e+02   2.7255279e-01
   6.1400000e+02   2.8507460e-01
   6.1500000e+02   3.0720312e-01
   6.1600000e+02   2.9191954e-01
   6.1700000e+02   2.8782692e-01
   6.1800000e+02   2.8479061e-01
   6.1900000e+02   2.9396883e-01
   6.2000000e+02   3.0440117e-01
   6.2100000e+02   3.0779359e-01
   6.2200000e+02   3.2378252e-01
   6.2300000e+02   3.3945664e-01
   6.2400000e+02   3.6742160e-01
   6.2500000e+02   3.8772816e-01
   6.2600000e+02   3.9557845e-01
   6.2700000e+02   4.1427777e-01
   6.2800000e+02   4.2190131e-01
   6.2900000e+02   4.2933347e-01
   6.3000000e+02   4.3735720e-01
   6.3100000e+02   4.4357949e-01
   6.3200000e+02   4.5146741e-01
   6.3300000e+02   4.6762091e-01
   6.3400000e+02   4.6889911e-01
   6.3500000e+02   4.5789457e-01
   6.3600000e+02   4.5513052e-01
   6.3700000e+02   4.5206937e-01
   6.3800000e+02   4.4382882e-01
   6.3900000e+02   4.3064173e-01
   6.4000000e+02   4.2830733e-01
   6.4100000e+02   4.2817888e-01
   6.4200000e+02   4.3451029e-01
   6.4300000e+02   4.2581978e-01
   6.4400000e+02   4.0118997e-01
   6.4500000e+02   3.8695034e-01
   6.4600000e+02   3.8489056e-01
   6.4700000e+02   3.6374264e-01
   6.4800000e+02   3.3940985e-01
   6.4900000e+02   3.0443189e-01
   6.5000000e+02   2.7600876e-01
   6.5100000e+02   2.5745325e-01
   6.5200000e+02   2.4330135e-01
   6.5300000e+02   2.3601326e-01
   6.5400000e+02   2.1485586e-01
   6.5500000e+02   1.8380864e-01
   6.5600000e+02   1.7132824e-01
   6.5700000e+02   1.6328389e-01
   6.5800000e+02   1.6734129e-01
   6.5900000e+02   1.5821057e-01
   6.6000000e+02   1.4231870e-01
   6.6100000e+02   1.3470522e-01
   6.6200000e+02   1.2247840e-01
   6.6300000e+02   1.1830384e-01
   6.6400000e+02   1.2548036e-01
   6.6500000e+02   1.1015741e-01
   6.6600000e+02   9.9194583e-02
   6.6700000e+02   9.7752121e-02
   6.6800000e+02   9.0174288e-02
   6.6900000e+02   9.1346232e-02
   6.7000000e+02   9.5772706e-02
   6.7100000e+02   8.7288545e-02
   6.7200000e+02   7.5358539e-02
   6.7300000e+02   6.3127738e-02
   6.7400000e+02   6.1633861e-02
   6.7500000e+02   5.2039160e-02
   6.7600000e+02   4.2858330e-02
   6.7700000e+02   4.2503885e-02
   6.7800000e+02   3.3244456e-02
   6.7900000e+02   2.2929460e-02
   6.8000000e+02   2.4395226e-02
   6.8100000e+02   2.1017427e-02
   6.8200000e+02   1.3789969e-02
   6.8300000e+02   2.6764578e-03
   6.8400000e+02  -1.8155638e-03
   6.8500000e+02   8.2623438e-04
   6.8600000e+02   6.7607834e-03
   6.8700000e+02   1.8705548e-03
   6.8800000e+02  -4.6652096e-03
   6.8900000e+02  -2.1433540e-02
   6.9000000e+02  -1.8071388e-02
   6.9100000e+02  -1.5024455e-02
   6.9200000e+02  -1.4929377e-02
   6.9300000e+02  -3.2347830e-03
   6.9400000e+02  -4.9645362e-03
   6.9500000e+02  -9.2824995e-03
   6.9600000e+02  -6.1082715e-03
   6.9700000e+02  -3.8501313e-03
   6.9800000e+02  -3.8440911e-03
   6.9900000e+02   1.4376146e-03
   7.0000000e+02   2.9842388e-03
   7.0100000e+02   3.9308802e-03
   7.0200000e+02  -2.6582350e-03
   7.0300000e+02  -6.4925004e-03
   7.0400000e+02  -1.4119919e-03
   7.0500000e+02   1.1569650e-02
   7.0600000e+02   1.8948965e-02
   7.0700000e+02   1.3898991e-02
   7.0800000e+02   2.8837448e-03
   7.0900000e+02  -1.7113785e-04
   7.1000000e+02   5.2256755e-03
   7.1100000e+02   5.0780181e-03
   7.1200000e+02   1.2478006e-02
   7.1300000e+02   1.0413926e-02
   7.1400000e+02   1.1400067e-02
   7.1500000e+02   1.3706991e-02
   7.1600000e+02   1.6456128e-02
   7.1700000e+02   1.4593344e-02
   7.1800000e+02   3.6662519e-03
   7.1900000e+02   9.3609202e-03
   7.2000000e+02   1.9698211e-02
   7.2100000e+02   2.1675748e-02
   7.2200000e+02   1.7351542e-02
   7.2300000e+02   1.6252114e-02
   7.2400000e+02   2.6572405e-02
   7.2500000e+02   2.7296540e-02
   7.2600000e+02   2.3861823e-02
   7.2700000e+02   2.1991151e-03
   7.2800000e+02  -1.1258964e-02
   7.2900000e+02  -1.9069209e-02
   7.3000000e+02  -1.3345596e-02
   7.3100000e+02  -8.5213136e-03
   7.3200000e+02  -1.3476914e-02
   7.3300000e+02  -1.5143504e-02
   7.3400000e+02  -7.1750595e-03
   7.3500000e+02  -1.1187466e-02
   7.3600000e+02  -2.4620206e-02
   7.3700000e+02  -1.5319202e-02
   7.3800000e+02  -4.5632017e-03
   7.3900000e+02  -7.5953918e-03
   7.4000000e+02  -9.7658116e-03
   7.4100000e+02   1.2805858e-03
   7.4200000e+02   1.5512485e-02
   7.4300000e+02   1.0187060e-02
   7.4400000e+02   1.3587409e-02
   7.4500000e+02   2.2932358e-02
   7.4600000e+02   2.7235029e-02
   7.4700000e+02   3.2111037e-02
   7.4800000e+02   3.8855443e-02
   7.4900000e+02   5.2159056e-02
   7.5000000e+02   6.3865009e-02
   7.5100000e+02   7.7864313e-02
   7.5200000e+02   9.5414364e-02
   7.5300000e+02   9.7986250e-02
   7.5400000e+02   1.0225651e-01
   7.5500000e+02   1.0665992e-01
   7.5600000e+02   1.3397905e-01
   7.5700000e+02   1.5228513e-01
   7.5800000e+02   1.6390911e-01
   7.5900000e+02   1.8175547e-01
   7.6000000e+02   2.0925857e-01
   7.6100000e+02   2.3861464e-01
   7.6200000e+02   2.7311605e-01
   7.6300000e+02   3.0664711e-01
   7.6400000e+02   3.5598082e-01
   7.6500000e+02   4.2270764e-01
   7.6600000e+02   5.0719424e-01
   7.6700000e+02   5.9244586e-01
   7.6800000e+02   6.7420397e-01
   7.6900000e+02   7.6182882e-01
   7.7000000e+02   8.7526561e-01
   7.7100000e+02   1.0212399e+00
   7.7200000e+02   1.1962756e+00
   7.7300000e+02   1.3979840e+00
   7.7400000e+02   1.6257455e+00
   7.7500000e+02   1.8946033e+00
   7.7600000e+02   2.1540613e+00
   7.7700000e+02   2.3939903e+00
   7.7800000e+02   2.6239381e+00
   7.7900000e+02   2.8279813e+00
   7.8000000e+02   2.9880335e+00
   7.8100000e+02   3.0855290e+00
   7.8200000e+02   3.1272231e+00
   7.8300000e+02   3.1086338e+00
   7.8400000e+02   3.0233585e+00
   7.8500000e+02   2.8670918e+00
   7.8600000e+02   2.6590352e+00
   7.8700000e+02   2.3922902e+00
   7.8800000e+02   2.1151334e+00
   7.8900000e+02   1.8505943e+00
   7.9000000e+02   1.5929921e+00
   7.9100000e+02   1.3486245e+00
   7.9200000e+02   1.1274807e+00
   7.9300000e+02   9.3667166e-01
   7.9400000e+02   7.9394376e-01
   7.9500000e+02   6.7399895e-01
   7.9600000e+02   5.6413867e-01
   7.9700000e+02   4.8695171e-01
   7.9800000e+02   4.1965413e-01
   7.9900000e+02   3.6686812e-01
   8.0000000e+02   3.2812035e-01
   8.0100000e+02   2.9757767e-01
   8.0200000e+02   2.7154947e-01
   8.0300000e+02   2.5644737e-01
   8.0400000e+02   2.3089885e-01
   8.0500000e+02   2.0700303e-01
   8.0600000e+02   1.9398470e-01
   8.0700000e+02   1.7958807e-01
   8.0800000e+02   1.6854722e-01
   8.0900000e+02   1.6248243e-01
   8.1000000e+02   1.6026118e-01
   8.1100000e+02   1.5372420e-01
   8.1200000e+02   1.4715134e-01
   8.1300000e+02   1.3294082e-01
   8.1400000e+02   1.2590922e-01
   8.1500000e+02   1.2052219e-01
   8.1600000e+02   1.1800912e-01
   8.1700000e+02   1.1267369e-01
   8.1800000e+02   1.0779374e-01
   8.1900000e+02   1.1371053e-01
   8.2000000e+02   1.0922805e-01
   8.2100000e+02   1.1453611e-01
   8.2200000e+02   1.1366747e-01
   8.2300000e+02   1.1579969e-01
   8.2400000e+02   1.1053936e-01
   8.2500000e+02   1.0091547e-01
   8.2600000e+02   9.8210738e-02
   8.2700000e+02   1.0255793e-01
   8.2800000e+02   1.0538540e-01
   8.2900000e+02   9.4007969e-02
   8.3000000e+02   8.9090924e-02
   8.3100000e+02   8.6982471e-02
   8.3200000e+02   8.2375015e-02
   8.3300000e+02   7.7757171e-02
   8.3400000e+02   7.4288258e-02
   8.3500000e+02   8.3271994e-02
   8.3600000e+02   8.1289182e-02
   8.3700000e+02   7.8380332e-02
   8.3800000e+02   6.9952781e-02
   8.3900000e+02   7.0233164e-02
   8.4000000e+02   6.5323943e-02
   8.4100000e+02   6.0981375e-02
   8.4200000e+02   5.3428268e-02
   8.4300000e+02   4.8687961e-02
   8.4400000e+02   4.6223486e-02
   8.4500000e+02   4.7016782e-02
   8.4600000e+02   4.9113339e-02
   8.4700000e+02   4.2398065e-02
   8.4800000e+02   4.0407606e-02
   8.4900000e+02   3.8421163e-02
   8.5000000e+02   3.9663803e-02
   8.5100000e+02   3.4000425e-02
   8.5200000e+02   3.7287508e-02
   8.5300000e+02   3.8898238e-02
   8.5400000e+02   3.3715161e-02
   8.5500000e+02   2.9901231e-02
   8.5600000e+02   2.6895610e-02
   8.5700000e+02   1.6484558e-02
   8.5800000e+02   1.3882373e-02
   8.5900000e+02   1.1988304e-02
   8.6000000e+02   1.8220767e-02
   8.6100000e+02   1.4509170e-02
   8.6200000e+02   1.5634739e-02
   8.6300000e+02   2.1028368e-02
   8.6400000e+02   1.8629870e-02
   8.6500000e+02   2.1790792e-02
   8.6600000e+02   2.1200983e-02
   8.6700000e+02   2.3609857e-02
   8.6800000e+02   2.1398857e-02
   8.6900000e+02   1.6825627e-02
   8.7000000e+02   2.7097743e-02
   8.7100000e+02   2.9730974e-02
   8.7200000e+02   2.8855501e-02
   8.7300000e+02   2.1972090e-02
   8.7400000e+02   2.7253916e-02
   8.7500000e+02   3.2636418e-02
   8.7600000e+02   2.8301977e-02
   8.7700000e+02   2.1801874e-02
   8.7800000e+02   1.9390115e-02
   8.7900000e+02   2.4683822e-02
   8.8000000e+02   3.4291401e-02
   8.8100000e+02   2.9674505e-02
   8.8200000e+02   2.4619635e-02
   8.8300000e+02   1.6264672e-02
   8.8400000e+02   1.3250763e-02
   8.8500000e+02   1.2980764e-02
   8.8600000e+02   2.2136452e-02
   8.8700000e+02   2.2945043e-02
   8.8800000e+02   1.9977779e-02
   8.8900000e+02   1.9078025e-02
   8.9000000e+02   2.4694760e-02
   8.9100000e+02   2.1264325e-02
   8.9200000e+02   9.1747814e-03
   8.9300000e+02   2.0635210e-02
   8.9400000e+02   3.0491296e-02
   8.9500000e+02   2.9649918e-02
   8.9600000e+02   1.9800086e-02
   8.9700000e+02   1.6169988e-02
   8.9800000e+02   1.0559623e-02
   8.9900000e+02   1.9784210e-02
   9.0000000e+02   2.0435170e-02
   9.0100000e+02   2.2523296e-02
   9.0200000e+02   3.7285050e-02
   9.0300000e+02   3.6408755e-02
   9.0400000e+02   3.7084736e-02
   9.0500000e+02   3.5911707e-02
   9.0600000e+02   3.4954533e-02
   9.0700000e+02   4.1629025e-02
   9.0800000e+02   5.0553690e-02
   9.0900000e+02   5.7640878e-02
   9.1000000e+02   5.5550338e-02
   9.1100000e+02   4.7923144e-02
   9.1200000e+02   4.5917973e-02
   9.1300000e+02   4.2257786e-02
   9.1400000e+02   4.4851557e-02
   9.1500000e+02   4.2641334e-02
   9.1600000e+02   4.1956750e-02
   9.1700000e+02   4.0790813e-02
   9.1800000e+02   4.4512244e-02
   9.1900000e+02   4.1556669e-02
   9.2000000e+02   3.4563905e-02
   9.2100000e+02   3.2664181e-02
   9.2200000e+02   2.8540606e-02
   9.2300000e+02   2.6915416e-02
   9.2400000e+02   1.8502239e-02
   9.2500000e+02   9.4646489e-03
   9.2600000e+02   3.2307488e-03
   9.2700000e+02   2.3111369e-04
   9.2800000e+02  -1.7459468e-03
   9.2900000e+02   1.7761335e-03
   9.3000000e+02   4.1575650e-03
   9.3100000e+02   2.2352390e-03
   9.3200000e+02  -3.1006837e-03
   9.3300000e+02  -5.4441303e-03
   9.3400000e+02  -2.8330210e-03
   9.3500000e+02  -9.6771519e-03
   9.3600000e+02  -1.3652664e-02
   9.3700000e+02  -1.4230165e-02
   9.3800000e+02  -8.1342435e-03
   9.3900000e+02  -6.5229671e-03
   9.4000000e+02  -2.5465207e-03
   9.4100000e+02  -2.4993179e-03
   9.4200000e+02  -7.4892933e-03
   9.4300000e+02  -1.2113885e-02
   9.4400000e+02  -2.6568822e-03
   9.4500000e+02  -4.3574720e-03
   9.4600000e+02  -7.2447165e-03
   9.4700000e+02  -1.5607447e-03
   9.4800000e+02   4.9145474e-03
   9.4900000e+02   1.3194801e-02
   9.5000000e+02   1.6478776e-02
   9.5100000e+02   1.8771563e-02
   9.5200000e+02   1.7942573e-02
   9.5300000e+02   1.6165706e-02
   9.5400000e+02   2.8454558e-02
   9.5500000e+02   3.4881808e-02
   9.5600000e+02   3.8767752e-02
   9.5700000e+02   4.4858595e-02
   9.5800000e+02   5.8091521e-02
   9.5900000e+02   6.7321352e-02
   9.6000000e+02   5.8110350e-02
   9.6100000e+02   5.4107774e-02
   9.6200000e+02   5.5305173e-02
   9.6300000e+02   6.2881082e-02
   9.6400000e+02   7.2753634e-02
   9.6500000e+02   7.6696784e-02
   9.6600000e+02   7.2750941e-02
   9.6700000e+02   7.5938570e-02
   9.6800000e+02   7.1831381e-02
   9.6900000e+02   6.6669198e-02
   9.7000000e+02   6.6875970e-02
   9.7100000e+02   6.4775623e-02
   9.7200000e+02   6.5254277e-02
   9.7300000e+02   6.7034227e-02
   9.7400000e+02   7.2380679e-02
   9.7500000e+02   7.4744707e-02
   9.7600000e+02   7.5917606e-02
   9.7700000e+02   7.9861506e-02
   9.7800000e+02   8.5521220e-02
   9.7900000e+02   9.4984779e-02
   9.8000000e+02   1.0114738e-01
   9.8100000e+02   1.1304009e-01
   9.8200000e+02   1.2578161e-01
   9.8300000e+02   1.3998533e-01
   9.8400000e+02   1.6030587e-01
   9.8500000e+02   1.8295655e-01
   9.8600000e+02   1.9774309e-01
   9.8700000e+02   2.2037387e-01
   9.8800000e+02   2.3867551e-01
   9.8900000e+02   2.5956109e-01
   9.9000000e+02   2.8796988e-01
   9.9100000e+02   3.1263342e-01
   9.9200000e+02   3.3297461e-01
   9.9300000e+02   3.5615568e-01
   9.9400000e+02   3.7349342e-01
   9.9500000e+02   3.8521451e-01
   9.9600000e+02   3.9997143e-01
   9.9700000e+02   3.9760842e-01
   9.9800000e+02   3.8647779e-01
   9.9900000e+02   3.6891070e-01
   1.0000000e+03   3.5994732e-01
   1.0010000e+03   3.4205674e-01
   1.0020000e+03   3.0330710e-01
   1.0030000e+03   2.6793156e-01
   1.0040000e+03   2.3575938e-01
   1.0050000e+03   2.1434636e-01
   1.0060000e+03   1.8507268e-01
   1.0070000e+03   1.5972637e-01
   1.0080000e+03   1.3802347e-01
   1.0090000e+03   1.0985875e-01
   1.0100000e+03   9.3220496e-02
   1.0110000e+03   7.7938885e-02
   1.0120000e+03   5.8252287e-02
   1.0130000e+03   4.4970822e-02
   1.0140000e+03   3.6124385e-02
   1.0150000e+03   3.8132468e-02
   1.0160000e+03   4.0831056e-02
   1.0170000e+03   3.5945773e-02
   1.0180000e+03   2.2898633e-02
   1.0190000e+03   7.8385123e-03
   1.0200000e+03   3.1540964e-03
   1.0210000e+03   5.5645823e-03
   1.0220000e+03   1.5956607e-02
   1.0230000e+03   1.8122649e-02
   1.0240000e+03   1.6141912e-02
   1.0250000e+03   1.6004177e-02
   1.0260000e+03   1.9166597e-02
   1.0270000e+03   1.7276977e-02
   1.0280000e+03   1.4941718e-02
   1.0290000e+03   2.2880092e-02
   1.0300000e+03   2.9141974e-02
   1.0310000e+03   2.9436902e-02
   1.0320000e+03   3.3951339e-02
   1.0330000e+03   4.1171774e-02
   1.0340000e+03   4.4549162e-02
   1.0350000e+03   4.4856509e-02
   1.0360000e+03   3.9941958e-02
   1.0370000e+03   3.6664583e-02
   1.0380000e+03   4.8104555e-02
   1.0390000e+03   5.4682073e-02
   1.0400000e+03   5.4344517e-02
   1.0410000e+03   5.2856375e-02
   1.0420000e+03   4.6767637e-02
   1.0430000e+03   5.4191676e-02
   1.0440000e+03   6.0891923e-02
   1.0450000e+03   5.7265245e-02
   1.0460000e+03   5.5939342e-02
   1.0470000e+03   5.7560049e-02
   1.0480000e+03   6.6561655e-02
   1.0490000e+03   7.5988743e-02
   1.0500000e+03   7.9941149e-02
   1.0510000e+03   7.9574704e-02
   1.0520000e+03   7.5493756e-02
   1.0530000e+03   7.6462663e-02
   1.0540000e+03   7.8560420e-02
   1.0550000e+03   7.0918581e-02
   1.0560000e+03   6.5238779e-02
   1.0570000e+03   6.3548258e-02
   1.0580000e+03   6.0548715e-02
   1.0590000e+03   5.0984278e-02
   1.0600000e+03   4.6999574e-02
   1.0610000e+03   5.8336055e-02
   1.0620000e+03   6.6410784e-02
   1.0630000e+03   6.7000296e-02
   1.0640000e+03   5.9503618e-02
   1.0650000e+03   4.7841863e-02
   1.0660000e+03   4.3249824e-02
   1.0670000e+03   4.4542676e-02
   1.0680000e+03   4.1481248e-02
   1.0690000e+03   3.7626629e-02
   1.0700000e+03   3.4805594e-02
   1.0710000e+03   3.5635093e-02
   1.0720000e+03   3.6068907e-02
   1.0730000e+03   3.4999467e-02
   1.0740000e+03   2.8265258e-02
   1.0750000e+03   3.2028896e-02
   1.0760000e+03   3.9723183e-02
   1.0770000e+03   4.2828869e-02
   1.0780000e+03   3.8988390e-02
   1.0790000e+03   3.1300448e-02
   1.0800000e+03   2.1388361e-02
   1.0810000e+03   1.2306255e-02
   1.0820000e+03   1.1728281e-02
   1.0830000e+03   1.4847173e-02
   1.0840000e+03   1.5328086e-02
   1.0850000e+03   2.6314802e-02
   1.0860000e+03   3.2929063e-02
   1.0870000e+03   2.3652201e-02
   1.0880000e+03   2.7867570e-02
   1.0890000e+03   2.8767700e-02
   1.0900000e+03   2.7070938e-02
   1.0910000e+03   2.9977340e-02
   1.0920000e+03   3.1127544e-02
   1.0930000e+03   3.4650545e-02
   1.0940000e+03   3.3483349e-02
   1.0950000e+03   2.6218740e-02
   1.0960000e+03   2.5569428e-02
   1.0970000e+03   3.9580329e-02
   1.0980000e+03   4.2836885e-02
   1.0990000e+03   3.7587627e-02
   1.1000000e+03   3.0831322e-02
   1.1010000e+03   3.2271501e-02
   1.1020000e+03   3.6994265e-02
   1.1030000e+03   3.5114373e-02
   1.1040000e+03   3.7109104e-02
   1.1050000e+03   3.9454883e-02
   1.1060000e+03   4.4065921e-02
   1.1070000e+03   5.2245036e-02
   1.1080000e+03   5.6556067e-02
   1.1090000e+03   5.9301870e-02
   1.1100000e+03   5.6460973e-02
   1.1110000e+03   5.5898578e-02
   1.1120000e+03   6.3373220e-02
   1.1130000e+03   6.9825313e-02
   1.1140000e+03   7.3979887e-02
   1.1150000e+03   7.5082207e-02
   1.1160000e+03   7.9040983e-02
   1.1170000e+03   8.1927851e-02
   1.1180000e+03   9.2313791e-02
   1.1190000e+03   9.8974871e-02
   1.1200000e+03   9.9499428e-02
   1.1210000e+03   9.9520875e-02
   1.1220000e+03   9.7288523e-02
   1.1230000e+03   1.0324231e-01
   1.1240000e+03   1.1329665e-01
   1.1250000e+03   1.1972131e-01
   1.1260000e+03   1.2256757e-01
   1.1270000e+03   1.2284422e-01
   1.1280000e+03   1.2767174e-01
   1.1290000e+03   1.3540689e-01
   1.1300000e+03   1.4336643e-01
   1.1310000e+03   1.4348806e-01
   1.1320000e+03   1.3888857e-01
   1.1330000e+03   1.3310540e-01
   1.1340000e+03   1.4905700e-01
   1.1350000e+03   1.5083024e-01
   1.1360000e+03   1.5100036e-01
   1.1370000e+03   1.5334001e-01
   1.1380000e+03   1.4726281e-01
   1.1390000e+03   1.4467045e-01
   1.1400000e+03   1.4418446e-01
   1.1410000e+03   1.4477346e-01
   1.1420000e+03   1.3512876e-01
   1.1430000e+03   1.2186794e-01
   1.1440000e+03   1.1918132e-01
   1.1450000e+03   1.2118920e-01
   1.1460000e+03   1.2363485e-01
   1.1470000e+03   1.2519072e-01
   1.1480000e+03   1.1667557e-01
   1.1490000e+03   1.1103500e-01
   1.1500000e+03   1.0682361e-01
   1.1510000e+03   1.0143665e-01
   1.1520000e+03   9.7886718e-02
   1.1530000e+03   9.6242428e-02
   1.1540000e+03   9.1819347e-02
   1.1550000e+03   9.0509213e-02
   1.1560000e+03   8.7878913e-02
   1.1570000e+03   8.8320659e-02
   1.1580000e+03   8.7165208e-02
   1.1590000e+03   8.7923513e-02
   1.1600000e+03   7.7162242e-02
   1.1610000e+03   8.5034450e-02
   1.1620000e+03   9.3604732e-02
   1.1630000e+03   9.8037937e-02
   1.1640000e+03   9.8930286e-02
   1.1650000e+03   1.0119691e-01
   1.1660000e+03   1.0464627e-01
   1.1670000e+03   1.0479339e-01
   1.1680000e+03   1.1296251e-01
   1.1690000e+03   1.2272756e-01
   1.1700000e+03   1.3618618e-01
   1.1710000e+03   1.4736049e-01
   1.1720000e+03   1.5329157e-01
   1.1730000e+03   1.6237957e-01
   1.1740000e+03   1.6605050e-01
   1.1750000e+03   1.7505951e-01
   1.1760000e+03   1.8757555e-01
   1.1770000e+03   1.9959645e-01
   1.1780000e+03   2.1784873e-01
   1.1790000e+03   2.3376332e-01
   1.1800000e+03   2.5154374e-01
   1.1810000e+03   2.5807366e-01
   1.1820000e+03   2.6745164e-01
   1.1830000e+03   2.8016897e-01
   1.1840000e+03   2.9841682e-01
   1.1850000e+03   3.1852801e-01
   1.1860000e+03   3.3366467e-01
   1.1870000e+03   3.5385671e-01
   1.1880000e+03   3.6885909e-01
   1.1890000e+03   3.8308480e-01
   1.1900000e+03   4.0427528e-01
   1.1910000e+03   4.2480945e-01
   1.1920000e+03   4.4919041e-01
   1.1930000e+03   4.7051563e-01
   1.1940000e+03   5.0675951e-01
   1.1950000e+03   5.2902003e-01
   1.1960000e+03   5.4327654e-01
   1.1970000e+03   5.6570316e-01
   1.1980000e+03   5.9715146e-01
   1.1990000e+03   6.2748328e-01
   1.2000000e+03   6.5228509e-01
   1.2010000e+03   6.7289569e-01
   1.2020000e+03   7.0318895e-01
   1.2030000e+03   7.3571641e-01
   1.2040000e+03   7.7611368e-01
   1.2050000e+03   8.1656449e-01
   1.2060000e+03   8.6198950e-01
   1.2070000e+03   9.1000362e-01
   1.2080000e+03   9.6166210e-01
   1.2090000e+03   1.0209784e+00
   1.2100000e+03   1.0896452e+00
   1.2110000e+03   1.1695238e+00
   1.2120000e+03   1.2683653e+00
   1.2130000e+03   1.3888799e+00
   1.2140000e+03   1.5186084e+00
   1.2150000e+03   1.6787366e+00
   1.2160000e+03   1.8750895e+00
   1.2170000e+03   2.1052191e+00
   1.2180000e+03   2.3890891e+00
   1.2190000e+03   2.7017077e+00
   1.2200000e+03   3.0405262e+00
   1.2210000e+03   3.4155977e+00
   1.2220000e+03   3.8244716e+00
   1.2230000e+03   4.2650714e+00
   1.2240000e+03   4.7124556e+00
   1.2250000e+03   5.1440526e+00
   1.2260000e+03   5.5555050e+00
   1.2270000e+03   5.9279394e+00
   1.2280000e+03   6.2489291e+00
   1.2290000e+03   6.4959611e+00
   1.2300000e+03   6.6510714e+00
   1.2310000e+03   6.7224675e+00
   1.2320000e+03   6.7297455e+00
   1.2330000e+03   6.6871075e+00
   1.2340000e+03   6.5707931e+00
   1.2350000e+03   6.4070340e+00
   1.2360000e+03   6.2178646e+00
   1.2370000e+03   5.9921187e+00
   1.2380000e+03   5.7789107e+00
   1.2390000e+03   5.5630436e+00
   1.2400000e+03   5.3502972e+00
   1.2410000e+03   5.1494545e+00
   1.2420000e+03   4.9738281e+00
   1.2430000e+03   4.8175966e+00
   1.2440000e+03   4.6639931e+00
   1.2450000e+03   4.5063850e+00
   1.2460000e+03   4.3384495e+00
   1.2470000e+03   4.1700247e+00
   1.2480000e+03   3.9765521e+00
   1.2490000e+03   3.7763868e+00
   1.2500000e+03   3.5709678e+00
   1.2510000e+03   3.3642807e+00
   1.2520000e+03   3.1406869e+00
   1.2530000e+03   2.9168403e+00
   1.2540000e+03   2.7291910e+00
   1.2550000e+03   2.5402049e+00
   1.2560000e+03   2.3462114e+00
   1.2570000e+03   2.1654125e+00
   1.2580000e+03   2.0040486e+00
   1.2590000e+03   1.8655761e+00
   1.2600000e+03   1.7460661e+00
   1.2610000e+03   1.6474888e+00
   1.2620000e+03   1.5447435e+00
   1.2630000e+03   1.4484944e+00
   1.2640000e+03   1.3572965e+00
   1.2650000e+03   1.2908696e+00
   1.2660000e+03   1.2238085e+00
   1.2670000e+03   1.1492253e+00
   1.2680000e+03   1.0869551e+00
   1.2690000e+03   1.0191788e+00
   1.2700000e+03   9.5269412e-01
   1.2710000e+03   9.1250198e-01
   1.2720000e+03   8.6805490e-01
   1.2730000e+03   8.1502804e-01
   1.2740000e+03   7.6411347e-01
   1.2750000e+03   7.0960221e-01
   1.2760000e+03   6.7391069e-01
   1.2770000e+03   6.3749428e-01
   1.2780000e+03   5.9990078e-01
   1.2790000e+03   5.6422038e-01
   1.2800000e+03   5.3551151e-01
   1.2810000e+03   5.0103927e-01
   1.2820000e+03   4.7297662e-01
   1.2830000e+03   4.4460832e-01
   1.2840000e+03   4.2065957e-01
   1.2850000e+03   3.8940337e-01
   1.2860000e+03   3.6588044e-01
   1.2870000e+03   3.5453062e-01
   1.2880000e+03   3.2649758e-01
   1.2890000e+03   3.0475809e-01
   1.2900000e+03   2.8493602e-01
   1.2910000e+03   2.6914407e-01
   1.2920000e+03   2.5289686e-01
   1.2930000e+03   2.3337119e-01
   1.2940000e+03   2.1872587e-01
   1.2950000e+03   2.0286462e-01
   1.2960000e+03   1.8839912e-01
   1.2970000e+03   1.7705697e-01
   1.2980000e+03   1.6412971e-01
   1.2990000e+03   1.4521084e-01
   1.3000000e+03   1.3097387e-01
   1.3010000e+03   1.3652606e-01
   1.3020000e+03   1.2990062e-01
   1.3030000e+03   1.2016999e-01
   1.3040000e+03   1.1516128e-01
   1.3050000e+03   1.0917878e-01
   1.3060000e+03   1.0083631e-01
   1.3070000e+03   9.4919481e-02
   1.3080000e+03   1.0446717e-01
   1.3090000e+03   9.7649101e-02
   1.3100000e+03   8.7382768e-02
   1.3110000e+03   8.5684990e-02
   1.3120000e+03   8.1724323e-02
   1.3130000e+03   7.9177675e-02
   1.3140000e+03   8.5265269e-02
   1.3150000e+03   7.7914765e-02
   1.3160000e+03   7.7135694e-02
   1.3170000e+03   7.4120953e-02
   1.3180000e+03   7.4204811e-02
   1.3190000e+03   7.5199820e-02
   1.3200000e+03   7.9312443e-02
   1.3210000e+03   8.1372886e-02
   1.3220000e+03   6.8722484e-02
   1.3230000e+03   6.3692113e-02
   1.3240000e+03   6.1548057e-02
   1.3250000e+03   6.2560012e-02
   1.3260000e+03   6.2661950e-02
   1.3270000e+03   5.8858114e-02
   1.3280000e+03   5.7785203e-02
   1.3290000e+03   5.5942124e-02
   1.3300000e+03   6.5962425e-02
   1.3310000e+03   7.4833460e-02
   1.3320000e+03   6.6926160e-02
   1.3330000e+03   6.3459325e-02
   1.3340000e+03   6.1353241e-02
   1.3350000e+03   6.5399417e-02
   1.3360000e+03   6.6031850e-02
   1.3370000e+03   6.2842398e-02
   1.3380000e+03   5.6223614e-02
   1.3390000e+03   6.0295347e-02
   1.3400000e+03   6.1687161e-02
   1.3410000e+03   6.1080829e-02
   1.3420000e+03   5.2981646e-02
   1.3430000e+03   5.3966411e-02
   1.3440000e+03   5.7471455e-02
   1.3450000e+03   5.3414987e-02
   1.3460000e+03   5.8340117e-02
   1.3470000e+03   6.1229453e-02
   1.3480000e+03   6.4820173e-02
   1.3490000e+03   6.4996049e-02
   1.3500000e+03   6.0680225e-02
   1.3510000e+03   6.3483811e-02
   1.3520000e+03   8.9836430e-02
   1.3530000e+03   1.0475156e-01
   1.3540000e+03   1.1400999e-01
   1.3550000e+03   1.2532731e-01
   1.3560000e+03   1.3106833e-01
   1.3570000e+03   1.4383198e-01
   1.3580000e+03   1.5299442e-01
   1.3590000e+03   1.5921067e-01
   1.3600000e+03   1.7388107e-01
   1.3610000e+03   1.8996673e-01
   1.3620000e+03   2.1123933e-01
   1.3630000e+03   2.3067270e-01
   1.3640000e+03   2.5424908e-01
   1.3650000e+03   2.8635612e-01
   1.3660000e+03   3.0272805e-01
   1.3670000e+03   3.2140376e-01
   1.3680000e+03   3.4215477e-01
   1.3690000e+03   3.6924722e-01
   1.3700000e+03   4.1706821e-01
   1.3710000e+03   4.5819664e-01
   1.3720000e+03   4.8789977e-01
   1.3730000e+03   5.1697472e-01
   1.3740000e+03   5.6140565e-01
   1.3750000e+03   6.1526772e-01
   1.3760000e+03   6.8355394e-01
   1.3770000e+03   7.4807969e-01
   1.3780000e+03   8.1730359e-01
   1.3790000e+03   8.9270865e-01
   1.3800000e+03   9.6975316e-01
   1.3810000e+03   1.0573069e+00
   1.3820000e+03   1.1571151e+00
   1.3830000e+03   1.2629493e+00
   1.3840000e+03   1.3656080e+00
   1.3850000e+03   1.4658867e+00
   1.3860000e+03   1.5743614e+00
   1.3870000e+03   1.6984713e+00
   1.3880000e+03   1.8145839e+00
   1.3890000e+03   1.9289955e+00
   1.3900000e+03   2.0270951e+00
   1.3910000e+03   2.1204943e+00
   1.3920000e+03   2.2048970e+00
   1.3930000e+03   2.2817939e+00
   1.3940000e+03   2.3376763e+00
   1.3950000e+03   2.3745840e+00
   1.3960000e+03   2.3991613e+00
   1.3970000e+03   2.4143514e+00
   1.3980000e+03   2.4030283e+00
   1.3990000e+03   2.3696331e+00
   1.4000000e+03   2.3094529e+00
   1.4010000e+03   2.2407363e+00
   1.4020000e+03   2.1653924e+00
   1.4030000e+03   2.0706803e+00
   1.4040000e+03   1.9804433e+00
   1.4050000e+03   1.8917677e+00
   1.4060000e+03   1.8019690e+00
   1.4070000e+03   1.7025072e+00
   1.4080000e+03   1.6052143e+00
   1.4090000e+03   1.5128345e+00
   1.4100000e+03   1.4344686e+00
   1.4110000e+03   1.3654312e+00
   1.4120000e+03   1.3013447e+00
   1.4130000e+03   1.2422180e+00
   1.4140000e+03   1.1773480e+00
   1.4150000e+03   1.1249099e+00
   1.4160000e+03   1.0882240e+00
   1.4170000e+03   1.0480497e+00
   1.4180000e+03   1.0062272e+00
   1.4190000e+03   9.6821890e-01
   1.4200000e+03   9.4270178e-01
   1.4210000e+03   9.3269753e-01
   1.4220000e+03   9.1904931e-01
   1.4230000e+03   9.0617522e-01
   1.4240000e+03   8.8813341e-01
   1.4250000e+03   8.8140455e-01
   1.4260000e+03   8.6232919e-01
   1.4270000e+03   8.3575420e-01
   1.4280000e+03   8.2190179e-01
   1.4290000e+03   8.1394237e-01
   1.4300000e+03   8.0518637e-01
   1.4310000e+03   7.8104075e-01
   1.4320000e+03   7.5774664e-01
   1.4330000e+03   7.4106169e-01
   1.4340000e+03   7.1658170e-01
   1.4350000e+03   6.9524079e-01
   1.4360000e+03   6.7466698e-01
   1.4370000e+03   6.7066413e-01
   1.4380000e+03   6.5114433e-01
   1.4390000e+03   6.3637094e-01
   1.4400000e+03   6.1977776e-01
   1.4410000e+03   6.1263022e-01
   1.4420000e+03   6.0492442e-01
   1.4430000e+03   5.8937072e-01
   1.4440000e+03   5.7022612e-01
   1.4450000e+03   5.5165281e-01
   1.4460000e+03   5.4220922e-01
   1.4470000e+03   5.3820512e-01
   1.4480000e+03   5.5059191e-01
   1.4490000e+03   5.3522539e-01
   1.4500000e+03   5.3369839e-01
   1.4510000e+03   5.4127026e-01
   1.4520000e+03   5.5117993e-01
   1.4530000e+03   5.5424990e-01
   1.4540000e+03   5.6331207e-01
   1.4550000e+03   5.8390415e-01
   1.4560000e+03   5.8736506e-01
   1.4570000e+03   6.0158680e-01
   1.4580000e+03   6.3296712e-01
   1.4590000e+03   6.5669064e-01
   1.4600000e+03   6.8394193e-01
   1.4610000e+03   7.1980523e-01
   1.4620000e+03   7.6773668e-01
   1.4630000e+03   8.1817322e-01
   1.4640000e+03   8.6299987e-01
   1.4650000e+03   9.1941263e-01
   1.4660000e+03   9.7139257e-01
   1.4670000e+03   1.0294358e+00
   1.4680000e+03   1.0847031e+00
   1.4690000e+03   1.1435161e+00
   1.4700000e+03   1.1991527e+00
   1.4710000e+03   1.2443539e+00
   1.4720000e+03   1.2838521e+00
   1.4730000e+03   1.3217980e+00
   1.4740000e+03   1.3438269e+00
   1.4750000e+03   1.3469301e+00
   1.4760000e+03   1.3264386e+00
   1.4770000e+03   1.3051471e+00
   1.4780000e+03   1.2742169e+00
   1.4790000e+03   1.2260432e+00
   1.4800000e+03   1.1723820e+00
   1.4810000e+03   1.1076967e+00
   1.4820000e+03   1.0357464e+00
   1.4830000e+03   9.4264512e-01
   1.4840000e+03   8.7495956e-01
   1.4850000e+03   8.0937169e-01
   1.4860000e+03   7.3075063e-01
   1.4870000e+03   6.4970371e-01
   1.4880000e+03   5.8218146e-01
   1.4890000e+03   5.2112307e-01
   1.4900000e+03   4.5641908e-01
   1.4910000e+03   3.9858494e-01
   1.4920000e+03   3.5881589e-01
   1.4930000e+03   3.2867011e-01
   1.4940000e+03   2.9082918e-01
   1.4950000e+03   2.4942334e-01
   1.4960000e+03   2.0778573e-01
   1.4970000e+03   1.8454416e-01
   1.4980000e+03   1.6493015e-01
   1.4990000e+03   1.4649755e-01
   1.5000000e+03   1.2436183e-01
   1.5010000e+03   1.0364049e-01
   1.5020000e+03   8.6228419e-02
   1.5030000e+03   6.3708838e-02
   1.5040000e+03   4.9545349e-02
   1.5050000e+03   3.0099178e-02
   1.5060000e+03   2.8107319e-02
   1.5070000e+03   2.7470004e-02
   1.5080000e+03   1.6360684e-02
   1.5090000e+03  -2.3749421e-03
   1.5100000e+03  -1.9120605e-02
   1.5110000e+03  -1.9844627e-02
   1.5120000e+03  -1.9556964e-02
   1.5130000e+03  -2.2278686e-02
   1.5140000e+03  -2.1461493e-02
   1.5150000e+03  -2.5952530e-02
   1.5160000e+03  -3.0855982e-02
   1.5170000e+03  -2.5420167e-02
   1.5180000e+03  -2.4373082e-02
   1.5190000e+03  -2.6454066e-02
   1.5200000e+03  -2.5169254e-02
   1.5210000e+03  -2.5008914e-02
   1.5220000e+03  -2.1159662e-02
   1.5230000e+03  -2.4005370e-02
   1.5240000e+03  -3.0930498e-02
   1.5250000e+03  -3.0129858e-02
   1.5260000e+03  -2.9604312e-02
   1.5270000e+03  -2.4798996e-02
   1.5280000e+03  -2.7376696e-02
   1.5290000e+03  -2.6612181e-02
   1.5300000e+03  -2.7576111e-02
   1.5310000e+03  -2.5380311e-02
   1.5320000e+03  -2.0312539e-02
   1.5330000e+03  -1.8503570e-02
   1.5340000e+03  -1.6039445e-02
   1.5350000e+03  -6.9395573e-04
   1.5360000e+03  -6.8004524e-03
   1.5370000e+03  -7.5582307e-03
   1.5380000e+03  -1.8591787e-03
   1.5390000e+03   1.7539018e-03
   1.5400000e+03   5.6850078e-03
   1.5410000e+03   7.0531755e-03
   1.5420000e+03   1.5322897e-02
   1.5430000e+03   1.4497588e-02
   1.5440000e+03   1.1191737e-02
   1.5450000e+03   8.9434335e-03
   1.5460000e+03   1.2917547e-02
   1.5470000e+03   2.0430496e-02
   1.5480000e+03   2.8450735e-02
   1.5490000e+03   3.4460614e-02
   1.5500000e+03   4.2663572e-02
   1.5510000e+03   5.0729297e-02
   1.5520000e+03   5.8267360e-02
   1.5530000e+03   6.3127660e-02
   1.5540000e+03   7.2874549e-02
   1.5550000e+03   7.8497515e-02
   1.5560000e+03   8.2650150e-02
   1.5570000e+03   8.9591935e-02
   1.5580000e+03   9.0882058e-02
   1.5590000e+03   8.7197130e-02
   1.5600000e+03   8.5326355e-02
   1.5610000e+03   9.3327945e-02
   1.5620000e+03   9.6205283e-02
   1.5630000e+03   9.7262855e-02
   1.5640000e+03   9.0705267e-02
   1.5650000e+03   8.7838303e-02
   1.5660000e+03   8.6237981e-02
   1.5670000e+03   8.8275434e-02
   1.5680000e+03   8.3533655e-02
   1.5690000e+03   7.3839385e-02
   1.5700000e+03   5.8557516e-02
   1.5710000e+03   6.3728684e-02
   1.5720000e+03   6.9365825e-02
   1.5730000e+03   6.6943399e-02
   1.5740000e+03   6.1070315e-02
   1.5750000e+03   5.5354986e-02
   1.5760000e+03   5.3920794e-02
   1.5770000e+03   5.6351548e-02
   1.5780000e+03   6.1913261e-02
   1.5790000e+03   6.3285446e-02
   1.5800000e+03   5.7720701e-02
   1.5810000e+03   5.5064333e-02
   1.5820000e+03   5.2992640e-02
   1.5830000e+03   4.9844805e-02
   1.5840000e+03   5.1252154e-02
   1.5850000e+03   5.5472869e-02
   1.5860000e+03   6.4157576e-02
   1.5870000e+03   7.0712355e-02
   1.5880000e+03   9.1098733e-02
   1.5890000e+03   1.0079453e-01
   1.5900000e+03   1.1034229e-01
   1.5910000e+03   1.1951519e-01
   1.5920000e+03   1.3038555e-01
   1.5930000e+03   1.4810818e-01
   1.5940000e+03   1.6870127e-01
   1.5950000e+03   2.1042204e-01
   1.5960000e+03   2.3730837e-01
   1.5970000e+03   2.6017342e-01
   1.5980000e+03   2.7556203e-01
   1.5990000e+03   3.0792727e-01
   1.6000000e+03   3.4752357e-01
   1.6010000e+03   3.9153337e-01
   1.6020000e+03   4.3979593e-01
   1.6030000e+03   4.8898489e-01
   1.6040000e+03   5.3878157e-01
   1.6050000e+03   5.9847151e-01
   1.6060000e+03   6.6168160e-01
   1.6070000e+03   7.3999224e-01
   1.6080000e+03   8.3298557e-01
   1.6090000e+03   9.4333717e-01
   1.6100000e+03   1.0700358e+00
   1.6110000e+03   1.2088100e+00
   1.6120000e+03   1.3588218e+00
   1.6130000e+03   1.5289713e+00
   1.6140000e+03   1.7124844e+00
   1.6150000e+03   1.9212507e+00
   1.6160000e+03   2.1458044e+00
   1.6170000e+03   2.3820990e+00
   1.6180000e+03   2.6293724e+00
   1.6190000e+03   2.8850195e+00
   1.6200000e+03   3.1379412e+00
   1.6210000e+03   3.3834067e+00
   1.6220000e+03   3.6171781e+00
   1.6230000e+03   3.8273515e+00
   1.6240000e+03   4.0282904e+00
   1.6250000e+03   4.1875681e+00
   1.6260000e+03   4.2963249e+00
   1.6270000e+03   4.3389150e+00
   1.6280000e+03   4.3452318e+00
   1.6290000e+03   4.3040216e+00
   1.6300000e+03   4.2102674e+00
   1.6310000e+03   4.0616140e+00
   1.6320000e+03   3.8971230e+00
   1.6330000e+03   3.7136429e+00
   1.6340000e+03   3.4848394e+00
   1.6350000e+03   3.2469610e+00
   1.6360000e+03   3.0193162e+00
   1.6370000e+03   2.8059937e+00
   1.6380000e+03   2.5774426e+00
   1.6390000e+03   2.3867870e+00
   1.6400000e+03   2.2247305e+00
   1.6410000e+03   2.0726848e+00
   1.6420000e+03   1.9417941e+00
   1.6430000e+03   1.8194982e+00
   1.6440000e+03   1.7171152e+00
   1.6450000e+03   1.6540449e+00
   1.6460000e+03   1.5849068e+00
   1.6470000e+03   1.5254768e+00
   1.6480000e+03   1.4899376e+00
   1.6490000e+03   1.4728674e+00
   1.6500000e+03   1.4626697e+00
   1.6510000e+03   1.4532110e+00
   1.6520000e+03   1.4545684e+00
   1.6530000e+03   1.4597478e+00
   1.6540000e+03   1.4662551e+00
   1.6550000e+03   1.4712572e+00
   1.6560000e+03   1.5024136e+00
   1.6570000e+03   1.5379156e+00
   1.6580000e+03   1.5785163e+00
   1.6590000e+03   1.6224774e+00
   1.6600000e+03   1.6627175e+00
   1.6610000e+03   1.7035034e+00
   1.6620000e+03   1.7581743e+00
   1.6630000e+03   1.8143443e+00
   1.6640000e+03   1.8842009e+00
   1.6650000e+03   1.9510348e+00
   1.6660000e+03   2.0084195e+00
   1.6670000e+03   2.0728355e+00
   1.6680000e+03   2.1333884e+00
   1.6690000e+03   2.1968669e+00
   1.6700000e+03   2.2857367e+00
   1.6710000e+03   2.3587456e+00
   1.6720000e+03   2.4254988e+00
   1.6730000e+03   2.5137323e+00
   1.6740000e+03   2.5959188e+00
   1.6750000e+03   2.6708439e+00
   1.6760000e+03   2.7421877e+00
   1.6770000e+03   2.8058848e+00
   1.6780000e+03   2.8655024e+00
   1.6790000e+03   2.9314662e+00
   1.6800000e+03   2.9978360e+00
   1.6810000e+03   3.0658367e+00
   1.6820000e+03   3.1101037e+00
   1.6830000e+03   3.1345022e+00
   1.6840000e+03   3.1742686e+00
   1.6850000e+03   3.2046242e+00
   1.6860000e+03   3.2238798e+00
   1.6870000e+03   3.2413558e+00
   1.6880000e+03   3.2439454e+00
   1.6890000e+03   3.2302447e+00
   1.6900000e+03   3.2075236e+00
   1.6910000e+03   3.1863626e+00
   1.6920000e+03   3.1577792e+00
   1.6930000e+03   3.1165205e+00
   1.6940000e+03   3.0668631e+00
   1.6950000e+03   3.0088626e+00
   1.6960000e+03   2.9562400e+00
   1.6970000e+03   2.8945727e+00
   1.6980000e+03   2.8260468e+00
   1.6990000e+03   2.7318091e+00
   1.7000000e+03   2.6431156e+00
   1.7010000e+03   2.5617531e+00
   1.7020000e+03   2.4819787e+00
   1.7030000e+03   2.3925885e+00
   1.7040000e+03   2.2985221e+00
   1.7050000e+03   2.2109156e+00
   1.7060000e+03   2.1232308e+00
   1.7070000e+03   2.0282051e+00
   1.7080000e+03   1.9282711e+00
   1.7090000e+03   1.8356139e+00
   1.7100000e+03   1.7563232e+00
   1.7110000e+03   1.6680339e+00
   1.7120000e+03   1.5748124e+00
   1.7130000e+03   1.4908395e+00
   1.7140000e+03   1.4234888e+00
   1.7150000e+03   1.3549158e+00
   1.7160000e+03   1.2810583e+00
   1.7170000e+03   1.2207049e+00
   1.7180000e+03   1.1587002e+00
   1.7190000e+03   1.0895685e+00
   1.7200000e+03   1.0238457e+00
   1.7210000e+03   9.6875361e-01
   1.7220000e+03   9.1574426e-01
   1.7230000e+03   8.5328575e-01
   1.7240000e+03   8.0574038e-01
   1.7250000e+03   7.5571896e-01
   1.7260000e+03   7.0211464e-01
   1.7270000e+03   6.4650403e-01
   1.7280000e+03   6.1093969e-01
   1.7290000e+03   5.7387694e-01
   1.7300000e+03   5.2911594e-01
   1.7310000e+03   4.9156897e-01
   1.7320000e+03   4.5629428e-01
   1.7330000e+03   4.2376895e-01
   1.7340000e+03   3.8946455e-01
   1.7350000e+03   3.6355168e-01
   1.7360000e+03   3.3677564e-01
   1.7370000e+03   3.0495271e-01
   1.7380000e+03   2.7374603e-01
   1.7390000e+03   2.5090349e-01
   1.7400000e+03   2.3547318e-01
   1.7410000e+03   2.2168887e-01
   1.7420000e+03   2.0354151e-01
   1.7430000e+03   1.8931335e-01
   1.7440000e+03   1.7442542e-01
   1.7450000e+03   1.5970691e-01
   1.7460000e+03   1.4790348e-01
   1.7470000e+03   1.3322465e-01
   1.7480000e+03   1.1907943e-01
   1.7490000e+03   1.1142299e-01
   1.7500000e+03   1.1013474e-01
   1.7510000e+03   1.0763324e-01
   1.7520000e+03   1.0174643e-01
   1.7530000e+03   9.0192008e-02
   1.7540000e+03   8.6023805e-02
   1.7550000e+03   8.9004353e-02
   1.7560000e+03   8.8664230e-02
   1.7570000e+03   8.5616297e-02
   1.7580000e+03   8.7119850e-02
   1.7590000e+03   8.8843247e-02
   1.7600000e+03   9.5345765e-02
   1.7610000e+03   9.7392971e-02
   1.7620000e+03   9.6913916e-02
   1.7630000e+03   9.3528736e-02
   1.7640000e+03   8.8917811e-02
   1.7650000e+03   9.6283497e-02
   1.7660000e+03   1.0785041e-01
   1.7670000e+03   1.1453061e-01
   1.7680000e+03   1.1778755e-01
   1.7690000e+03   1.1679704e-01
   1.7700000e+03   1.1857731e-01
   1.7710000e+03   1.2300290e-01
   1.7720000e+03   1.2460071e-01
   1.7730000e+03   1.1515133e-01
   1.7740000e+03   1.2036854e-01
   1.7750000e+03   1.2098850e-01
   1.7760000e+03   1.2325419e-01
   1.7770000e+03   1.2224201e-01
   1.7780000e+03   1.2419985e-01
   1.7790000e+03   1.2674107e-01
   1.7800000e+03   1.2643189e-01
   1.7810000e+03   1.1568127e-01
   1.7820000e+03   1.1205511e-01
   1.7830000e+03   1.0732240e-01
   1.7840000e+03   1.0046747e-01
   1.7850000e+03   9.8673081e-02
   1.7860000e+03   9.3771396e-02
   1.7870000e+03   8.5019026e-02
   1.7880000e+03   7.2603961e-02
   1.7890000e+03   6.6696152e-02
   1.7900000e+03   6.3918634e-02
   1.7910000e+03   5.9925197e-02
   1.7920000e+03   5.6699074e-02
   1.7930000e+03   4.6110319e-02
   1.7940000e+03   3.8667057e-02
   1.7950000e+03   3.8424061e-02
   1.7960000e+03   3.2009290e-02
   1.7970000e+03   3.3469933e-02
   1.7980000e+03   3.4099814e-02
   1.7990000e+03   2.4389004e-02
