   3.5100000e+02  -3.6600994e-02
   3.5200000e+02  -4.1701093e-03
   3.5300000e+02  -8.6185879e-03
   3.5400000e+02  -1.4588848e-02
   3.5500000e+02   5.8522171e-03
   3.5600000e+02   2.5471475e-02
   3.5700000e+02   5.3332879e-02
   3.5800000e+02   6.8411694e-02
   3.5900000e+02   7.5355383e-02
   3.6000000e+02   4.8271182e-02
   3.6100000e+02   1.8768506e-02
   3.6200000e+02   8.1678275e-02
   3.6300000e+02   7.9572154e-02
   3.6400000e+02  -3.4549178e-04
   3.6500000e+02   2.0050372e-02
   3.6600000e+02   5.2812024e-02
   3.6700000e+02   6.3624609e-02
   3.6800000e+02   2.3201098e-02
   3.6900000e+02   1.1561579e-02
   3.7000000e+02   2.2087036e-02
   3.7100000e+02   3.1960177e-02
   3.7200000e+02   4.7453003e-02
   3.7300000e+02   6.6859845e-02
   3.7400000e+02   2.1013053e-02
   3.7500000e+02  -5.4850836e-03
   3.7600000e+02   2.1929718e-02
   3.7700000e+02   8.7839481e-02
   3.7800000e+02   1.2537156e-01
   3.7900000e+02   9.7831897e-02
   3.8000000e+02   5.5765481e-02
   3.8100000e+02   9.4551577e-03
   3.8200000e+02   1.6345400e-02
   3.8300000e+02   4.1096502e-02
   3.8400000e+02   6.4357444e-02
   3.8500000e+02   3.5601396e-02
   3.8600000e+02  -6.7117779e-05
   3.8700000e+02  -2.6235888e-02
   3.8800000e+02  -2.8931072e-02
   3.8900000e+02  -7.5888624e-03
   3.9000000e+02   4.3876283e-03
   3.9100000e+02  -4.2820055e-03
   3.9200000e+02   4.0821124e-03
   3.9300000e+02   1.9382150e-02
   3.9400000e+02   3.2181178e-02
   3.9500000e+02   1.9934517e-02
   3.9600000e+02   3.1568467e-02
   3.9700000e+02   4.7833487e-02
   3.9800000e+02   3.9005585e-02
   3.9900000e+02   4.2672629e-02
   4.0000000e+02   4.9320868e-02
   4.0100000e+02   5.9782236e-03
   4.0200000e+02  -9.2024893e-03
   4.0300000e+02  -1.2714273e-02
   4.0400000e+02  -2.6910502e-02
   4.0500000e+02  -1.3215260e-02
   4.0600000e+02   8.6052166e-03
   4.0700000e+02  -2.4455803e-03
   4.0800000e+02  -2.5216209e-03
   4.0900000e+02  -1.1884971e-03
   4.1000000e+02   2.6929161e-03
   4.1100000e+02  -1.2500966e-02
   4.1200000e+02  -4.3172284e-02
   4.1300000e+02  -1.6747223e-02
   4.1400000e+02   2.4302912e-02
   4.1500000e+02   4.6592097e-02
   4.1600000e+02  -1.5039347e-02
   4.1700000e+02  -3.1181087e-02
   4.1800000e+02   1.0605761e-02
   4.1900000e+02   6.9454634e-02
   4.2000000e+02   8.9531028e-02
   4.2100000e+02   9.3521586e-02
   4.2200000e+02   7.9281678e-02
   4.2300000e+02   9.0594752e-02
   4.2400000e+02   1.3442704e-01
   4.2500000e+02   1.6291657e-01
   4.2600000e+02   1.8891573e-01
   4.2700000e+02   2.0455569e-01
   4.2800000e+02   2.0340390e-01
   4.2900000e+02   2.3399474e-01
   4.3000000e+02   2.6873955e-01
   4.3100000e+02   2.8504806e-01
   4.3200000e+02   2.5587748e-01
   4.3300000e+02   2.3493793e-01
   4.3400000e+02   2.7835020e-01
   4.3500000e+02   2.9237588e-01
   4.3600000e+02   3.0166830e-01
   4.3700000e+02   2.7734341e-01
   4.3800000e+02   2.4439088e-01
   4.3900000e+02   2.2480129e-01
   4.4000000e+02   2.3721487e-01
   4.4100000e+02   2.3526100e-01
   4.4200000e+02   2.1317582e-01
   4.4300000e+02   1.8173001e-01
   4.4400000e+02   1.4996461e-01
   4.4500000e+02   1.3125977e-01
   4.4600000e+02   1.7810272e-01
   4.4700000e+02   1.7455566e-01
   4.4800000e+02   1.3499041e-01
   4.4900000e+02   1.0219528e-01
   4.5000000e+02   1.2157221e-01
   4.5100000e+02   1.3686344e-01
   4.5200000e+02   1.3611418e-01
   4.5300000e+02   1.3565245e-01
   4.5400000e+02   1.2183798e-01
   4.5500000e+02   1.0723540e-01
   4.5600000e+02   1.2664338e-01
   4.5700000e+02   1.3834941e-01
   4.5800000e+02   1.3764920e-01
   4.5900000e+02   7.1996745e-02
   4.6000000e+02   7.7411665e-02
   4.6100000e+02   1.6088421e-01
   4.6200000e+02   1.4533602e-01
   4.6300000e+02   1.6440971e-01
   4.6400000e+02   1.9009853e-01
   4.6500000e+02   1.1922731e-01
   4.6600000e+02   5.5217173e-02
   4.6700000e+02   5.5926812e-02
   4.6800000e+02   7.7084822e-02
   4.6900000e+02   1.0455729e-01
   4.7000000e+02   1.1842334e-01
   4.7100000e+02   9.7802081e-02
   4.7200000e+02   6.7671586e-02
   4.7300000e+02   7.4220386e-02
   4.7400000e+02   9.5345492e-02
   4.7500000e+02   7.7906531e-02
   4.7600000e+02   5.6875625e-02
   4.7700000e+02   9.4068321e-02
   4.7800000e+02   9.4369897e-02
   4.7900000e+02   3.7770138e-02
   4.8000000e+02   1.1384733e-02
   4.8100000e+02   4.0918772e-02
   4.8200000e+02   8.9716327e-02
   4.8300000e+02   2.1698642e-02
   4.8400000e+02  -1.5688861e-02
   4.8500000e+02   3.9621025e-03
   4.8600000e+02   4.6150598e-02
   4.8700000e+02   8.5043127e-02
   4.8800000e+02   9.7250405e-02
   4.8900000e+02   9.1009238e-02
   4.9000000e+02   4.8273999e-02
   4.9100000e+02   7.8032433e-03
   4.9200000e+02   2.4767357e-02
   4.9300000e+02  -4.8213097e-03
   4.9400000e+02  -1.8218793e-02
   4.9500000e+02   1.5712502e-02
   4.9600000e+02   2.2262211e-02
   4.9700000e+02   2.0468790e-02
   4.9800000e+02   1.4690125e-03
   4.9900000e+02  -1.8251749e-02
   5.0000000e+02  -2.1854445e-02
   5.0100000e+02  -1.4231376e-02
   5.0200000e+02  -6.6853914e-02
   5.0300000e+02  -7.0830481e-02
   5.0400000e+02   1.5111638e-03
   5.0500000e+02   8.9833459e-04
   5.0600000e+02  -1.4723664e-02
   5.0700000e+02  -2.0398069e-02
   5.0800000e+02  -1.3398188e-02
   5.0900000e+02  -8.4504579e-03
   5.1000000e+02  -9.1219109e-03
   5.1100000e+02   2.5721916e-02
   5.1200000e+02   4.5393531e-02
   5.1300000e+02   3.5362386e-02
   5.1400000e+02   2.2631194e-02
   5.1500000e+02   3.1728971e-02
   5.1600000e+02   6.7294324e-02
   5.1700000e+02   7.6027203e-02
   5.1800000e+02   5.3334419e-02
   5.1900000e+02   2.7558612e-02
   5.2000000e+02   6.1374498e-02
   5.2100000e+02   8.5349911e-02
   5.2200000e+02   7.8691046e-02
   5.2300000e+02   3.9688924e-02
   5.2400000e+02   2.5047809e-04
   5.2500000e+02   2.3217834e-03
   5.2600000e+02   3.8364457e-02
   5.2700000e+02   5.9367983e-02
   5.2800000e+02   5.1728011e-02
   5.2900000e+02   2.6528946e-02
   5.3000000e+02   2.5608851e-02
   5.3100000e+02   4.6569141e-02
   5.3200000e+02   6.5540964e-02
   5.3300000e+02   2.7428884e-02
   5.3400000e+02  -2.2734864e-03
   5.3500000e+02   7.4458893e-02
   5.3600000e+02   8.7465262e-02
   5.3700000e+02   1.0121040e-01
   5.3800000e+02   1.2501447e-01
   5.3900000e+02   1.0899233e-01
   5.4000000e+02   8.8777028e-02
   5.4100000e+02   8.3583337e-02
   5.4200000e+02   5.5696361e-02
   5.4300000e+02   4.8782670e-02
   5.4400000e+02   7.8646569e-02
   5.4500000e+02   7.4149293e-02
   5.4600000e+02   6.6929621e-02
   5.4700000e+02   5.8257489e-02
   5.4800000e+02   4.4857642e-02
   5.4900000e+02   4.1471683e-02
   5.5000000e+02   6.1649801e-02
   5.5100000e+02   1.2807588e-01
   5.5200000e+02   1.6574626e-01
   5.5300000e+02   1.4259059e-01
   5.5400000e+02   1.5092661e-01
   5.5500000e+02   1.6964438e-01
   5.5600000e+02   1.8368819e-01
   5.5700000e+02   1.5988901e-01
   5.5800000e+02   1.5857773e-01
   5.5900000e+02   1.7405324e-01
   5.6000000e+02   1.3941201e-01
   5.6100000e+02   1.3288304e-01
   5.6200000e+02   1.5297378e-01
   5.6300000e+02   1.2560637e-01
   5.6400000e+02   1.1261677e-01
   5.6500000e+02   1.3042154e-01
   5.6600000e+02   1.5038777e-01
   5.6700000e+02   1.7802530e-01
   5.6800000e+02   1.6569767e-01
   5.6900000e+02   1.1616766e-01
   5.7000000e+02   1.3394653e-01
   5.7100000e+02   1.6664276e-01
   5.7200000e+02   1.6469706e-01
   5.7300000e+02   1.1499967e-01
   5.7400000e+02   7.0317024e-02
   5.7500000e+02   8.2817798e-02
   5.7600000e+02   8.5093240e-02
   5.7700000e+02   7.6514563e-02
   5.7800000e+02   3.7842525e-02
   5.7900000e+02   2.2610247e-02
   5.8000000e+02   2.5364224e-02
   5.8100000e+02   4.6216830e-02
   5.8200000e+02   2.3812117e-02
   5.8300000e+02   7.6325080e-04
   5.8400000e+02   1.1812170e-02
   5.8500000e+02   3.1711079e-02
   5.8600000e+02   4.3668680e-02
   5.8700000e+02   4.1164382e-02
   5.8800000e+02   7.6667018e-02
   5.8900000e+02   1.1144936e-01
   5.9000000e+02   1.2469879e-01
   5.9100000e+02   1.3094816e-01
   5.9200000e+02   1.0838365e-01
   5.9300000e+02   9.4650637e-02
   5.9400000e+02   1.0674234e-01
   5.9500000e+02   1.1759172e-01
   5.9600000e+02   1.0366838e-01
   5.9700000e+02   9.1314709e-02
   5.9800000e+02   1.2820593e-01
   5.9900000e+02   1.8045035e-01
   6.0000000e+02   1.9202458e-01
   6.0100000e+02   1.9763941e-01
   6.0200000e+02   1.5941309e-01
   6.0300000e+02   9.3350430e-02
   6.0400000e+02   1.4325616e-01
   6.0500000e+02   2.0319253e-01
   6.0600000e+02   1.4768785e-01
   6.0700000e+02   1.3021947e-01
   6.0800000e+02   1.5293296e-01
   6.0900000e+02   1.5943383e-01
   6.1000000e+02   1.9722208e-01
   6.1100000e+02   2.2835248e-01
   6.1200000e+02   1.8422911e-01
   6.1300000e+02   1.8359143e-01
   6.1400000e+02   2.1678405e-01
   6.1500000e+02   2.8284044e-01
   6.1600000e+02   2.6556781e-01
   6.1700000e+02   2.8620102e-01
   6.1800000e+02   3.3740066e-01
   6.1900000e+02   3.9668195e-01
   6.2000000e+02   4.3750491e-01
   6.2100000e+02   4.6701122e-01
   6.2200000e+02   5.1506804e-01
   6.2300000e+02   5.6195019e-01
   6.2400000e+02   6.4842450e-01
   6.2500000e+02   7.3981269e-01
   6.2600000e+02   8.3882514e-01
   6.2700000e+02   9.3454386e-01
   6.2800000e+02   1.0425989e+00
   6.2900000e+02   1.1144904e+00
   6.3000000e+02   1.1399889e+00
   6.3100000e+02   1.1635686e+00
   6.3200000e+02   1.1870556e+00
   6.3300000e+02   1.2003983e+00
   6.3400000e+02   1.1492497e+00
   6.3500000e+02   1.0893945e+00
   6.3600000e+02   1.0325731e+00
   6.3700000e+02   9.8237618e-01
   6.3800000e+02   9.2494299e-01
   6.3900000e+02   8.4495384e-01
   6.4000000e+02   7.3804356e-01
   6.4100000e+02   6.6152959e-01
   6.4200000e+02   6.2151238e-01
   6.4300000e+02   6.2442749e-01
   6.4400000e+02   6.0077744e-01
   6.4500000e+02   5.5371109e-01
   6.4600000e+02   5.1324621e-01
   6.4700000e+02   5.0044781e-01
   6.4800000e+02   5.0928300e-01
   6.4900000e+02   4.9756147e-01
   6.5000000e+02   4.4247688e-01
   6.5100000e+02   3.9071587e-01
   6.5200000e+02   3.5788422e-01
   6.5300000e+02   3.1466117e-01
   6.5400000e+02   2.9425825e-01
   6.5500000e+02   2.6911617e-01
   6.5600000e+02   2.1782684e-01
   6.5700000e+02   2.0413539e-01
   6.5800000e+02   2.1047410e-01
   6.5900000e+02   2.0059158e-01
   6.6000000e+02   1.3662235e-01
   6.6100000e+02   8.3447267e-02
   6.6200000e+02   8.8395263e-02
   6.6300000e+02   7.0361437e-02
   6.6400000e+02   4.5474916e-02
   6.6500000e+02   2.7007902e-02
   6.6600000e+02   4.8953172e-02
   6.6700000e+02   7.3690201e-02
   6.6800000e+02   6.2731216e-02
   6.6900000e+02   4.1396484e-02
   6.7000000e+02   2.5441320e-02
   6.7100000e+02   3.2394005e-02
   6.7200000e+02   4.5697380e-02
   6.7300000e+02   5.2300915e-02
   6.7400000e+02   4.6840430e-02
   6.7500000e+02   4.2826997e-02
   6.7600000e+02   4.2103565e-02
   6.7700000e+02   2.9576415e-02
   6.7800000e+02   6.8166524e-03
   6.7900000e+02   5.7589131e-03
   6.8000000e+02   1.2734242e-02
   6.8100000e+02   1.9679076e-02
   6.8200000e+02   7.4586666e-03
   6.8300000e+02  -8.2263791e-03
   6.8400000e+02   1.6606842e-02
   6.8500000e+02   4.7682628e-02
   6.8600000e+02   6.4290244e-02
   6.8700000e+02   4.6129625e-02
   6.8800000e+02   1.9169756e-02
   6.8900000e+02  -7.6452052e-04
   6.9000000e+02   9.8207274e-03
   6.9100000e+02   3.2230896e-02
   6.9200000e+02   5.0050677e-02
   6.9300000e+02   4.9579619e-02
   6.9400000e+02   5.5879473e-02
   6.9500000e+02   8.1998668e-02
   6.9600000e+02   1.3061937e-01
   6.9700000e+02   1.4017201e-01
   6.9800000e+02   1.3977817e-01
   6.9900000e+02   1.5286204e-01
   7.0000000e+02   1.6642473e-01
   7.0100000e+02   1.8155262e-01
   7.0200000e+02   2.1164784e-01
   7.0300000e+02   2.5966354e-01
   7.0400000e+02   2.8077884e-01
   7.0500000e+02   2.8791858e-01
   7.0600000e+02   3.2389388e-01
   7.0700000e+02   3.5937376e-01
   7.0800000e+02   4.0100456e-01
   7.0900000e+02   4.3028882e-01
   7.1000000e+02   4.2912838e-01
   7.1100000e+02   4.1821638e-01
   7.1200000e+02   4.4057796e-01
   7.1300000e+02   4.8969898e-01
   7.1400000e+02   5.0314246e-01
   7.1500000e+02   4.4540261e-01
   7.1600000e+02   4.9030159e-01
   7.1700000e+02   5.4684954e-01
   7.1800000e+02   5.5244951e-01
   7.1900000e+02   5.8784243e-01
   7.2000000e+02   6.5287219e-01
   7.2100000e+02   7.0434130e-01
   7.2200000e+02   6.9911527e-01
   7.2300000e+02   6.9456919e-01
   7.2400000e+02   7.2038161e-01
   7.2500000e+02   7.3837965e-01
   7.2600000e+02   7.2360522e-01
   7.2700000e+02   6.9062149e-01
   7.2800000e+02   6.7779261e-01
   7.2900000e+02   6.4597741e-01
   7.3000000e+02   5.8976321e-01
   7.3100000e+02   4.8039841e-01
   7.3200000e+02   4.2425966e-01
   7.3300000e+02   3.7983380e-01
   7.3400000e+02   2.9158983e-01
   7.3500000e+02   2.2485080e-01
   7.3600000e+02   1.5807104e-01
   7.3700000e+02   1.0872777e-01
   7.3800000e+02   8.6329663e-02
   7.3900000e+02   8.1656178e-02
   7.4000000e+02   8.3452687e-02
   7.4100000e+02   1.0418758e-01
   7.4200000e+02   9.3508913e-02
   7.4300000e+02   5.5703173e-02
   7.4400000e+02   7.5266069e-02
   7.4500000e+02   9.3017305e-02
   7.4600000e+02   9.6982545e-02
   7.4700000e+02   9.3360081e-02
   7.4800000e+02   8.5806221e-02
   7.4900000e+02   8.5776443e-02
   7.5000000e+02   9.5732536e-02
   7.5100000e+02   1.1083837e-01
   7.5200000e+02   1.3239943e-01
   7.5300000e+02   1.6107889e-01
   7.5400000e+02   1.7624226e-01
   7.5500000e+02   1.8215501e-01
   7.5600000e+02   1.6900366e-01
   7.5700000e+02   1.6402079e-01
   7.5800000e+02   1.8547713e-01
   7.5900000e+02   2.3235964e-01
   7.6000000e+02   2.8543790e-01
   7.6100000e+02   3.5121781e-01
   7.6200000e+02   4.1520059e-01
   7.6300000e+02   4.6570876e-01
   7.6400000e+02   5.3431544e-01
   7.6500000e+02   6.4483607e-01
   7.6600000e+02   7.5493217e-01
   7.6700000e+02   8.3139694e-01
   7.6800000e+02   9.1288805e-01
   7.6900000e+02   1.0968041e+00
   7.7000000e+02   1.3010067e+00
   7.7100000e+02   1.5401920e+00
   7.7200000e+02   1.7996055e+00
   7.7300000e+02   2.1700796e+00
   7.7400000e+02   2.6176165e+00
   7.7500000e+02   3.0949343e+00
   7.7600000e+02   3.5509090e+00
   7.7700000e+02   3.9795001e+00
   7.7800000e+02   4.3933875e+00
   7.7900000e+02   4.7377103e+00
   7.8000000e+02   4.9535448e+00
   7.8100000e+02   5.0177762e+00
   7.8200000e+02   4.9835107e+00
   7.8300000e+02   4.8660942e+00
   7.8400000e+02   4.6164140e+00
   7.8500000e+02   4.1778509e+00
   7.8600000e+02   3.6830478e+00
   7.8700000e+02   3.2113141e+00
   7.8800000e+02   2.7586688e+00
   7.8900000e+02   2.3394194e+00
   7.9000000e+02   1.9587353e+00
   7.9100000e+02   1.6136819e+00
   7.9200000e+02   1.2832667e+00
   7.9300000e+02   1.0184691e+00
   7.9400000e+02   8.8794486e-01
   7.9500000e+02   7.8834813e-01
   7.9600000e+02   6.9924503e-01
   7.9700000e+02   5.9740284e-01
   7.9800000e+02   4.9908492e-01
   7.9900000e+02   4.4224477e-01
   8.0000000e+02   4.2892189e-01
   8.0100000e+02   3.7272936e-01
   8.0200000e+02   3.2086049e-01
   8.0300000e+02   2.6244431e-01
   8.0400000e+02   2.0015132e-01
   8.0500000e+02   2.2399592e-01
   8.0600000e+02   2.7685176e-01
   8.0700000e+02   2.2958080e-01
   8.0800000e+02   2.1947148e-01
   8.0900000e+02   2.1596386e-01
   8.1000000e+02   1.9434371e-01
   8.1100000e+02   1.8837983e-01
   8.1200000e+02   1.8490034e-01
   8.1300000e+02   1.4778569e-01
   8.1400000e+02   1.5081455e-01
   8.1500000e+02   1.5520078e-01
   8.1600000e+02   1.4488160e-01
   8.1700000e+02   1.3851395e-01
   8.1800000e+02   1.3237329e-01
   8.1900000e+02   1.2676066e-01
   8.2000000e+02   1.5664017e-01
   8.2100000e+02   1.6213778e-01
   8.2200000e+02   1.3531499e-01
   8.2300000e+02   1.2520696e-01
   8.2400000e+02   1.3989769e-01
   8.2500000e+02   1.6525536e-01
   8.2600000e+02   1.6172296e-01
   8.2700000e+02   1.4533481e-01
   8.2800000e+02   1.3761795e-01
   8.2900000e+02   1.4192596e-01
   8.3000000e+02   1.3655149e-01
   8.3100000e+02   1.3971469e-01
   8.3200000e+02   1.8215465e-01
   8.3300000e+02   1.6265212e-01
   8.3400000e+02   1.1891378e-01
   8.3500000e+02   7.1375632e-02
   8.3600000e+02   8.4353542e-02
   8.3700000e+02   9.5364897e-02
   8.3800000e+02   9.7943943e-02
   8.3900000e+02   8.5122818e-02
   8.4000000e+02   8.1971508e-02
   8.4100000e+02   8.6095046e-02
   8.4200000e+02   6.9678870e-02
   8.4300000e+02   7.3783342e-02
   8.4400000e+02   7.5227609e-02
   8.4500000e+02   4.9830644e-02
   8.4600000e+02   5.4989801e-02
   8.4700000e+02   6.1191693e-02
   8.4800000e+02   7.0720763e-02
   8.4900000e+02   1.0649132e-01
   8.5000000e+02   1.1023350e-01
   8.5100000e+02   8.5150414e-02
   8.5200000e+02   1.0915880e-01
   8.5300000e+02   1.2631015e-01
   8.5400000e+02   1.1228888e-01
   8.5500000e+02   8.8684659e-02
   8.5600000e+02   7.4273027e-02
   8.5700000e+02   7.9499269e-02
   8.5800000e+02   1.0933709e-01
   8.5900000e+02   1.1953243e-01
   8.6000000e+02   1.1362967e-01
   8.6100000e+02   1.0952093e-01
   8.6200000e+02   8.3165007e-02
   8.6300000e+02   6.4617682e-02
   8.6400000e+02   9.6135897e-02
   8.6500000e+02   7.3543489e-02
   8.6600000e+02   6.8153816e-02
   8.6700000e+02   1.0176567e-01
   8.6800000e+02   6.8294610e-02
   8.6900000e+02   5.6839986e-02
   8.7000000e+02   6.8704614e-02
   8.7100000e+02   6.9226350e-02
   8.7200000e+02   6.8275800e-02
   8.7300000e+02   6.6539225e-02
   8.7400000e+02   5.8610861e-02
   8.7500000e+02   7.9602299e-02
   8.7600000e+02   1.1438948e-01
   8.7700000e+02   1.1349211e-01
   8.7800000e+02   1.1569105e-01
   8.7900000e+02   9.0527262e-02
   8.8000000e+02   4.2621621e-02
   8.8100000e+02   5.5610875e-02
   8.8200000e+02   8.3702739e-02
   8.8300000e+02   1.0726618e-01
   8.8400000e+02   1.0517976e-01
   8.8500000e+02   9.7379984e-02
   8.8600000e+02   8.4633606e-02
   8.8700000e+02   6.3200891e-02
   8.8800000e+02   4.7795133e-02
   8.8900000e+02   3.3841896e-02
   8.9000000e+02   4.8028900e-02
   8.9100000e+02   4.5894879e-02
   8.9200000e+02   3.1436575e-02
   8.9300000e+02   3.9562249e-02
   8.9400000e+02   5.3001192e-02
   8.9500000e+02   3.9698715e-02
   8.9600000e+02   7.7449803e-03
   8.9700000e+02   1.2540052e-02
   8.9800000e+02   2.2235839e-02
   8.9900000e+02   3.4008710e-02
   9.0000000e+02   4.2563876e-02
   9.0100000e+02   2.3339710e-02
   9.0200000e+02   4.7470419e-03
   9.0300000e+02   2.4529630e-02
   9.0400000e+02   1.0237504e-02
   9.0500000e+02  -1.7310701e-02
   9.0600000e+02  -5.5163257e-03
   9.0700000e+02   4.6540012e-02
   9.0800000e+02   8.1817240e-02
   9.0900000e+02   3.4996848e-02
   9.1000000e+02   3.5460455e-02
   9.1100000e+02   4.7293946e-02
   9.1200000e+02   7.6138148e-02
   9.1300000e+02   1.2203199e-01
   9.1400000e+02   1.1719594e-01
   9.1500000e+02   7.2485148e-02
   9.1600000e+02   1.0480363e-01
   9.1700000e+02   1.1570070e-01
   9.1800000e+02   1.1294091e-01
   9.1900000e+02   1.5810331e-01
   9.2000000e+02   1.7922324e-01
   9.2100000e+02   1.7272736e-01
   9.2200000e+02   1.5037708e-01
   9.2300000e+02   1.3641744e-01
   9.2400000e+02   1.3671828e-01
   9.2500000e+02   1.4403577e-01
   9.2600000e+02   1.4693588e-01
   9.2700000e+02   1.3019565e-01
   9.2800000e+02   9.4892678e-02
   9.2900000e+02   6.2192894e-02
   9.3000000e+02   4.5784284e-02
   9.3100000e+02   3.9348103e-02
   9.3200000e+02   2.2686075e-02
   9.3300000e+02   7.8334932e-03
   9.3400000e+02  -9.0258089e-03
   9.3500000e+02  -2.3592780e-02
   9.3600000e+02  -2.1282600e-02
   9.3700000e+02  -1.2123479e-02
   9.3800000e+02  -9.5011826e-03
   9.3900000e+02  -2.3137154e-02
   9.4000000e+02  -2.0137839e-02
   9.4100000e+02   3.3425366e-03
   9.4200000e+02  -3.1152261e-02
   9.4300000e+02  -4.0845297e-02
   9.4400000e+02   3.8203410e-03
   9.4500000e+02   9.1479148e-03
   9.4600000e+02  -1.2916498e-03
   9.4700000e+02  -2.4628647e-02
   9.4800000e+02  -6.4454085e-03
   9.4900000e+02   1.8252886e-03
   9.5000000e+02  -3.4000886e-03
   9.5100000e+02  -7.3015607e-03
   9.5200000e+02  -1.8815999e-02
   9.5300000e+02  -9.0977484e-03
   9.5400000e+02   2.3828811e-02
   9.5500000e+02   1.3065668e-02
   9.5600000e+02  -8.1956614e-03
   9.5700000e+02  -3.6327065e-03
   9.5800000e+02   1.3809236e-02
   9.5900000e+02   3.0340922e-02
   9.6000000e+02   2.8092312e-02
   9.6100000e+02  -9.1957958e-04
   9.6200000e+02   6.0042692e-03
   9.6300000e+02   2.5843934e-02
   9.6400000e+02   1.9502123e-02
   9.6500000e+02   2.0389186e-02
   9.6600000e+02   2.2807058e-02
   9.6700000e+02   2.9304899e-02
   9.6800000e+02   4.1535313e-02
   9.6900000e+02   5.3165256e-02
   9.7000000e+02   3.5412895e-02
   9.7100000e+02   3.3574507e-02
   9.7200000e+02   3.6682947e-02
   9.7300000e+02   3.3716908e-02
   9.7400000e+02   1.5418562e-02
   9.7500000e+02   1.5502492e-02
   9.7600000e+02   4.9503568e-02
   9.7700000e+02   1.0300871e-01
   9.7800000e+02   1.0028863e-01
   9.7900000e+02   9.1418394e-02
   9.8000000e+02   1.1127202e-01
   9.8100000e+02   1.2552250e-01
   9.8200000e+02   1.4328866e-01
   9.8300000e+02   1.7354041e-01
   9.8400000e+02   2.0882185e-01
   9.8500000e+02   2.2910992e-01
   9.8600000e+02   2.2115844e-01
   9.8700000e+02   2.1519059e-01
   9.8800000e+02   2.2914823e-01
   9.8900000e+02   2.5662178e-01
   9.9000000e+02   2.5013288e-01
   9.9100000e+02   2.6949720e-01
   9.9200000e+02   3.0750857e-01
   9.9300000e+02   3.5671377e-01
   9.9400000e+02   3.8274165e-01
   9.9500000e+02   4.3670267e-01
   9.9600000e+02   5.0223053e-01
   9.9700000e+02   5.2917741e-01
   9.9800000e+02   5.8624222e-01
   9.9900000e+02   6.6060428e-01
   1.0000000e+03   6.6709043e-01
   1.0010000e+03   6.7231564e-01
   1.0020000e+03   6.9644098e-01
   1.0030000e+03   7.4872986e-01
   1.0040000e+03   7.3806722e-01
   1.0050000e+03   7.2003009e-01
   1.0060000e+03   7.3174756e-01
   1.0070000e+03   7.2888022e-01
   1.0080000e+03   7.1283561e-01
   1.0090000e+03   6.7171621e-01
   1.0100000e+03   6.5253203e-01
   1.0110000e+03   6.4851717e-01
   1.0120000e+03   6.4255214e-01
   1.0130000e+03   6.1623665e-01
   1.0140000e+03   5.8376929e-01
   1.0150000e+03   5.6204086e-01
   1.0160000e+03   5.5925185e-01
   1.0170000e+03   5.3841799e-01
   1.0180000e+03   4.9554140e-01
   1.0190000e+03   4.4556155e-01
   1.0200000e+03   4.1295788e-01
   1.0210000e+03   3.6979113e-01
   1.0220000e+03   3.2980745e-01
   1.0230000e+03   3.2297270e-01
   1.0240000e+03   2.7508319e-01
   1.0250000e+03   2.0307946e-01
   1.0260000e+03   1.9343032e-01
   1.0270000e+03   1.8631220e-01
   1.0280000e+03   1.7451502e-01
   1.0290000e+03   1.8185238e-01
   1.0300000e+03   1.6695119e-01
   1.0310000e+03   1.4361153e-01
   1.0320000e+03   1.1822938e-01
   1.0330000e+03   1.2388827e-01
   1.0340000e+03   1.1842873e-01
   1.0350000e+03   8.7839685e-02
   1.0360000e+03   1.0095406e-01
   1.0370000e+03   1.1253671e-01
   1.0380000e+03   1.1655677e-01
   1.0390000e+03   1.2202439e-01
   1.0400000e+03   1.5229202e-01
   1.0410000e+03   1.6775266e-01
   1.0420000e+03   1.3190118e-01
   1.0430000e+03   1.5474101e-01
   1.0440000e+03   1.7686542e-01
   1.0450000e+03   1.8420895e-01
   1.0460000e+03   2.2114369e-01
   1.0470000e+03   2.1614581e-01
   1.0480000e+03   2.1089076e-01
   1.0490000e+03   2.7292016e-01
   1.0500000e+03   2.9391504e-01
   1.0510000e+03   2.7597647e-01
   1.0520000e+03   2.6622100e-01
   1.0530000e+03   2.9648893e-01
   1.0540000e+03   3.4185355e-01
   1.0550000e+03   3.6990052e-01
   1.0560000e+03   3.8526599e-01
   1.0570000e+03   3.7748315e-01
   1.0580000e+03   3.6582039e-01
   1.0590000e+03   3.9919600e-01
   1.0600000e+03   3.9096091e-01
   1.0610000e+03   3.5894105e-01
   1.0620000e+03   3.6699023e-01
   1.0630000e+03   3.6488989e-01
   1.0640000e+03   3.7251282e-01
   1.0650000e+03   3.8691431e-01
   1.0660000e+03   3.6280671e-01
   1.0670000e+03   3.4902461e-01
   1.0680000e+03   3.5961806e-01
   1.0690000e+03   3.2786603e-01
   1.0700000e+03   3.3091941e-01
   1.0710000e+03   3.7180357e-01
   1.0720000e+03   3.2817902e-01
   1.0730000e+03   3.0585115e-01
   1.0740000e+03   3.0344319e-01
   1.0750000e+03   2.9085068e-01
   1.0760000e+03   2.7952936e-01
   1.0770000e+03   2.7156777e-01
   1.0780000e+03   2.6096250e-01
   1.0790000e+03   2.4717168e-01
   1.0800000e+03   2.3150169e-01
   1.0810000e+03   2.1608096e-01
   1.0820000e+03   2.0699995e-01
   1.0830000e+03   2.0432132e-01
   1.0840000e+03   2.0039693e-01
   1.0850000e+03   1.7252289e-01
   1.0860000e+03   1.9289629e-01
   1.0870000e+03   2.0618771e-01
   1.0880000e+03   1.6422811e-01
   1.0890000e+03   1.5073274e-01
   1.0900000e+03   1.5576541e-01
   1.0910000e+03   1.6917368e-01
   1.0920000e+03   1.6572777e-01
   1.0930000e+03   1.5090947e-01
   1.0940000e+03   1.3598020e-01
   1.0950000e+03   1.3684343e-01
   1.0960000e+03   1.4043897e-01
   1.0970000e+03   1.3739616e-01
   1.0980000e+03   1.1321549e-01
   1.0990000e+03   1.1289293e-01
   1.1000000e+03   1.2268102e-01
   1.1010000e+03   1.3514494e-01
   1.1020000e+03   1.3655622e-01
   1.1030000e+03   1.2736494e-01
   1.1040000e+03   1.2172863e-01
   1.1050000e+03   1.0390410e-01
   1.1060000e+03   8.2069211e-02
   1.1070000e+03   7.8043120e-02
   1.1080000e+03   9.2809027e-02
   1.1090000e+03   7.5027517e-02
   1.1100000e+03   5.3099993e-02
   1.1110000e+03   6.1946712e-02
   1.1120000e+03   6.8770171e-02
   1.1130000e+03   6.3227162e-02
   1.1140000e+03   6.2395025e-02
   1.1150000e+03   8.0761883e-02
   1.1160000e+03   1.0076674e-01
   1.1170000e+03   1.1166684e-01
   1.1180000e+03   1.0135150e-01
   1.1190000e+03   1.0622083e-01
   1.1200000e+03   1.1249382e-01
   1.1210000e+03   1.0787104e-01
   1.1220000e+03   1.2842155e-01
   1.1230000e+03   1.4801910e-01
   1.1240000e+03   1.5226609e-01
   1.1250000e+03   1.5648001e-01
   1.1260000e+03   1.4784258e-01
   1.1270000e+03   1.4722534e-01
   1.1280000e+03   1.3900754e-01
   1.1290000e+03   1.4600352e-01
   1.1300000e+03   1.4429143e-01
   1.1310000e+03   1.2058473e-01
   1.1320000e+03   1.0185170e-01
   1.1330000e+03   8.5207322e-02
   1.1340000e+03   7.3910662e-02
   1.1350000e+03   6.0160470e-02
   1.1360000e+03   6.1555544e-02
   1.1370000e+03   7.7814895e-02
   1.1380000e+03   6.4274415e-02
   1.1390000e+03   5.5680976e-02
   1.1400000e+03   5.1434032e-02
   1.1410000e+03   5.4382021e-02
   1.1420000e+03   5.7805207e-02
   1.1430000e+03   6.5658241e-02
   1.1440000e+03   7.0796333e-02
   1.1450000e+03   6.5391397e-02
   1.1460000e+03   7.1954967e-02
   1.1470000e+03   8.7887723e-02
   1.1480000e+03   9.2841208e-02
   1.1490000e+03   8.3074941e-02
   1.1500000e+03   7.1801132e-02
   1.1510000e+03   7.0811995e-02
   1.1520000e+03   9.0683489e-02
   1.1530000e+03   1.1467072e-01
   1.1540000e+03   1.1670210e-01
   1.1550000e+03   1.3098169e-01
   1.1560000e+03   1.4266855e-01
   1.1570000e+03   1.5520273e-01
   1.1580000e+03   1.6809065e-01
   1.1590000e+03   1.7169326e-01
   1.1600000e+03   1.6673406e-01
   1.1610000e+03   1.6857605e-01
   1.1620000e+03   1.9209992e-01
   1.1630000e+03   2.1358455e-01
   1.1640000e+03   2.1936946e-01
   1.1650000e+03   2.3198536e-01
   1.1660000e+03   2.3837783e-01
   1.1670000e+03   2.7858785e-01
   1.1680000e+03   3.1393634e-01
   1.1690000e+03   3.3608411e-01
   1.1700000e+03   3.6527996e-01
   1.1710000e+03   4.0953517e-01
   1.1720000e+03   4.8431526e-01
   1.1730000e+03   5.4912926e-01
   1.1740000e+03   5.8294979e-01
   1.1750000e+03   6.3210867e-01
   1.1760000e+03   6.9136994e-01
   1.1770000e+03   7.5588826e-01
   1.1780000e+03   8.0915534e-01
   1.1790000e+03   8.2641722e-01
   1.1800000e+03   8.3128094e-01
   1.1810000e+03   8.5903771e-01
   1.1820000e+03   8.6200428e-01
   1.1830000e+03   8.6077626e-01
   1.1840000e+03   8.6683062e-01
   1.1850000e+03   8.5588799e-01
   1.1860000e+03   8.2150745e-01
   1.1870000e+03   7.6170577e-01
   1.1880000e+03   7.1573255e-01
   1.1890000e+03   6.7894383e-01
   1.1900000e+03   6.4760927e-01
   1.1910000e+03   6.2650753e-01
   1.1920000e+03   5.8759114e-01
   1.1930000e+03   5.6643570e-01
   1.1940000e+03   5.9063740e-01
   1.1950000e+03   5.4994519e-01
   1.1960000e+03   5.1349808e-01
   1.1970000e+03   5.1249517e-01
   1.1980000e+03   4.9556971e-01
   1.1990000e+03   5.0183023e-01
   1.2000000e+03   5.2117497e-01
   1.2010000e+03   5.2678588e-01
   1.2020000e+03   5.3863092e-01
   1.2030000e+03   5.4085007e-01
   1.2040000e+03   5.5066288e-01
   1.2050000e+03   5.6726161e-01
   1.2060000e+03   5.9267257e-01
   1.2070000e+03   6.1757520e-01
   1.2080000e+03   6.4332579e-01
   1.2090000e+03   6.7304969e-01
   1.2100000e+03   7.1410815e-01
   1.2110000e+03   7.7776717e-01
   1.2120000e+03   8.5234159e-01
   1.2130000e+03   9.3791874e-01
   1.2140000e+03   1.0142343e+00
   1.2150000e+03   1.1214793e+00
   1.2160000e+03   1.2731322e+00
   1.2170000e+03   1.4622806e+00
   1.2180000e+03   1.6640624e+00
   1.2190000e+03   1.8990746e+00
   1.2200000e+03   2.1634874e+00
   1.2210000e+03   2.4652776e+00
   1.2220000e+03   2.7947123e+00
   1.2230000e+03   3.1567691e+00
   1.2240000e+03   3.5585160e+00
   1.2250000e+03   3.9918965e+00
   1.2260000e+03   4.4074684e+00
   1.2270000e+03   4.8222175e+00
   1.2280000e+03   5.2878316e+00
   1.2290000e+03   5.7585914e+00
   1.2300000e+03   6.1693046e+00
   1.2310000e+03   6.4801175e+00
   1.2320000e+03   6.7839173e+00
   1.2330000e+03   7.0123111e+00
   1.2340000e+03   7.0880468e+00
   1.2350000e+03   7.1086557e+00
   1.2360000e+03   7.0378799e+00
   1.2370000e+03   6.8672396e+00
   1.2380000e+03   6.6284115e+00
   1.2390000e+03   6.3143399e+00
   1.2400000e+03   5.9520464e+00
   1.2410000e+03   5.5728765e+00
   1.2420000e+03   5.1705244e+00
   1.2430000e+03   4.8052201e+00
   1.2440000e+03   4.4716511e+00
   1.2450000e+03   4.0823680e+00
   1.2460000e+03   3.7177348e+00
   1.2470000e+03   3.4308916e+00
   1.2480000e+03   3.2050538e+00
   1.2490000e+03   2.9818680e+00
   1.2500000e+03   2.7577927e+00
   1.2510000e+03   2.5619587e+00
   1.2520000e+03   2.4077963e+00
   1.2530000e+03   2.2752115e+00
   1.2540000e+03   2.1560470e+00
   1.2550000e+03   2.0962927e+00
   1.2560000e+03   2.0199098e+00
   1.2570000e+03   1.9497962e+00
   1.2580000e+03   1.9377693e+00
   1.2590000e+03   1.8524455e+00
   1.2600000e+03   1.7589913e+00
   1.2610000e+03   1.7329138e+00
   1.2620000e+03   1.7261821e+00
   1.2630000e+03   1.7096363e+00
   1.2640000e+03   1.6658751e+00
   1.2650000e+03   1.6517789e+00
   1.2660000e+03   1.6429316e+00
   1.2670000e+03   1.6490513e+00
   1.2680000e+03   1.6674708e+00
   1.2690000e+03   1.6475160e+00
   1.2700000e+03   1.6051568e+00
   1.2710000e+03   1.5460876e+00
   1.2720000e+03   1.5293637e+00
   1.2730000e+03   1.5204197e+00
   1.2740000e+03   1.4696452e+00
   1.2750000e+03   1.3810837e+00
   1.2760000e+03   1.3348317e+00
   1.2770000e+03   1.2949290e+00
   1.2780000e+03   1.2121832e+00
   1.2790000e+03   1.1433060e+00
   1.2800000e+03   1.0912729e+00
   1.2810000e+03   1.0731218e+00
   1.2820000e+03   1.0474223e+00
   1.2830000e+03   1.0293498e+00
   1.2840000e+03   1.0018590e+00
   1.2850000e+03   9.9575036e-01
   1.2860000e+03   1.0070402e+00
   1.2870000e+03   1.0391850e+00
   1.2880000e+03   1.0872564e+00
   1.2890000e+03   1.1371012e+00
   1.2900000e+03   1.1825214e+00
   1.2910000e+03   1.2121098e+00
   1.2920000e+03   1.2740235e+00
   1.2930000e+03   1.3792806e+00
   1.2940000e+03   1.4839801e+00
   1.2950000e+03   1.5053138e+00
   1.2960000e+03   1.5561714e+00
   1.2970000e+03   1.6330133e+00
   1.2980000e+03   1.7137964e+00
   1.2990000e+03   1.7607919e+00
   1.3000000e+03   1.8143704e+00
   1.3010000e+03   1.8642683e+00
   1.3020000e+03   1.8591225e+00
   1.3030000e+03   1.8512478e+00
   1.3040000e+03   1.8450435e+00
   1.3050000e+03   1.8182028e+00
   1.3060000e+03   1.7764179e+00
   1.3070000e+03   1.7461998e+00
   1.3080000e+03   1.7322286e+00
   1.3090000e+03   1.6784376e+00
   1.3100000e+03   1.6002304e+00
   1.3110000e+03   1.5257508e+00
   1.3120000e+03   1.4699132e+00
   1.3130000e+03   1.4067775e+00
   1.3140000e+03   1.3334358e+00
   1.3150000e+03   1.2783097e+00
   1.3160000e+03   1.2066070e+00
   1.3170000e+03   1.1525614e+00
   1.3180000e+03   1.1217139e+00
   1.3190000e+03   1.1009922e+00
   1.3200000e+03   1.0907779e+00
   1.3210000e+03   1.0789972e+00
   1.3220000e+03   1.0587875e+00
   1.3230000e+03   1.0939363e+00
   1.3240000e+03   1.1528127e+00
   1.3250000e+03   1.2141198e+00
   1.3260000e+03   1.2690438e+00
   1.3270000e+03   1.3322875e+00
   1.3280000e+03   1.4412833e+00
   1.3290000e+03   1.5939360e+00
   1.3300000e+03   1.7430066e+00
   1.3310000e+03   1.9143805e+00
   1.3320000e+03   2.1418333e+00
   1.3330000e+03   2.3730542e+00
   1.3340000e+03   2.6329134e+00
   1.3350000e+03   2.9141109e+00
   1.3360000e+03   3.1735159e+00
   1.3370000e+03   3.4452839e+00
   1.3380000e+03   3.6751700e+00
   1.3390000e+03   3.8455694e+00
   1.3400000e+03   4.0337183e+00
   1.3410000e+03   4.1581103e+00
   1.3420000e+03   4.1815848e+00
   1.3430000e+03   4.1475846e+00
   1.3440000e+03   4.0798731e+00
   1.3450000e+03   3.9494133e+00
   1.3460000e+03   3.7664337e+00
   1.3470000e+03   3.5664185e+00
   1.3480000e+03   3.3365947e+00
   1.3490000e+03   3.0741932e+00
   1.3500000e+03   2.8265240e+00
   1.3510000e+03   2.6059709e+00
   1.3520000e+03   2.4139212e+00
   1.3530000e+03   2.2257494e+00
   1.3540000e+03   2.1052050e+00
   1.3550000e+03   2.0118171e+00
   1.3560000e+03   1.8787709e+00
   1.3570000e+03   1.8117732e+00
   1.3580000e+03   1.7764687e+00
   1.3590000e+03   1.7689384e+00
   1.3600000e+03   1.7348113e+00
   1.3610000e+03   1.7309978e+00
   1.3620000e+03   1.7418423e+00
   1.3630000e+03   1.7455943e+00
   1.3640000e+03   1.7300974e+00
   1.3650000e+03   1.7074796e+00
   1.3660000e+03   1.7183739e+00
   1.3670000e+03   1.7488754e+00
   1.3680000e+03   1.7684307e+00
   1.3690000e+03   1.7806915e+00
   1.3700000e+03   1.8263222e+00
   1.3710000e+03   1.8596857e+00
   1.3720000e+03   1.8904609e+00
   1.3730000e+03   1.9531056e+00
   1.3740000e+03   2.0607794e+00
   1.3750000e+03   2.1370261e+00
   1.3760000e+03   2.1888349e+00
   1.3770000e+03   2.2277828e+00
   1.3780000e+03   2.2092133e+00
   1.3790000e+03   2.1720046e+00
   1.3800000e+03   2.1805045e+00
   1.3810000e+03   2.1634943e+00
   1.3820000e+03   2.1150687e+00
   1.3830000e+03   2.0359030e+00
   1.3840000e+03   1.9846593e+00
   1.3850000e+03   1.9254508e+00
   1.3860000e+03   1.8783817e+00
   1.3870000e+03   1.8600410e+00
   1.3880000e+03   1.8502609e+00
   1.3890000e+03   1.8597176e+00
   1.3900000e+03   1.8911758e+00
   1.3910000e+03   1.9336105e+00
   1.3920000e+03   1.9960628e+00
   1.3930000e+03   2.0555664e+00
   1.3940000e+03   2.0441534e+00
   1.3950000e+03   2.0607278e+00
   1.3960000e+03   2.0847416e+00
   1.3970000e+03   2.0634421e+00
   1.3980000e+03   2.0116588e+00
   1.3990000e+03   1.9433876e+00
   1.4000000e+03   1.8710580e+00
   1.4010000e+03   1.7651964e+00
   1.4020000e+03   1.6421660e+00
   1.4030000e+03   1.5184500e+00
   1.4040000e+03   1.3972381e+00
   1.4050000e+03   1.2724426e+00
   1.4060000e+03   1.1593253e+00
   1.4070000e+03   1.0613797e+00
   1.4080000e+03   9.8392281e-01
   1.4090000e+03   9.5741125e-01
   1.4100000e+03   9.3868627e-01
   1.4110000e+03   8.7644266e-01
   1.4120000e+03   8.5388649e-01
   1.4130000e+03   8.4937854e-01
   1.4140000e+03   8.7021923e-01
   1.4150000e+03   9.0406518e-01
   1.4160000e+03   9.3064784e-01
   1.4170000e+03   9.5426586e-01
   1.4180000e+03   1.0064745e+00
   1.4190000e+03   1.0374966e+00
   1.4200000e+03   1.0606540e+00
   1.4210000e+03   1.0805396e+00
   1.4220000e+03   1.0709911e+00
   1.4230000e+03   1.0649391e+00
   1.4240000e+03   1.0432302e+00
   1.4250000e+03   9.7017184e-01
   1.4260000e+03   9.2519180e-01
   1.4270000e+03   9.0423142e-01
   1.4280000e+03   8.7473671e-01
   1.4290000e+03   8.2413980e-01
   1.4300000e+03   7.9175429e-01
   1.4310000e+03   7.9768968e-01
   1.4320000e+03   8.0466966e-01
   1.4330000e+03   8.3579980e-01
   1.4340000e+03   8.7387668e-01
   1.4350000e+03   9.1058527e-01
   1.4360000e+03   9.7324332e-01
   1.4370000e+03   1.0512957e+00
   1.4380000e+03   1.1539866e+00
   1.4390000e+03   1.2505597e+00
   1.4400000e+03   1.3283364e+00
   1.4410000e+03   1.3964146e+00
   1.4420000e+03   1.4955280e+00
   1.4430000e+03   1.5937809e+00
   1.4440000e+03   1.6657227e+00
   1.4450000e+03   1.7051049e+00
   1.4460000e+03   1.7276806e+00
   1.4470000e+03   1.7441048e+00
   1.4480000e+03   1.7397315e+00
   1.4490000e+03   1.7116473e+00
   1.4500000e+03   1.6394197e+00
   1.4510000e+03   1.5528998e+00
   1.4520000e+03   1.4874424e+00
   1.4530000e+03   1.4018324e+00
   1.4540000e+03   1.3094913e+00
   1.4550000e+03   1.2216154e+00
   1.4560000e+03   1.1638719e+00
   1.4570000e+03   1.1125192e+00
   1.4580000e+03   1.0560433e+00
   1.4590000e+03   1.0074395e+00
   1.4600000e+03   1.0319066e+00
   1.4610000e+03   1.0660909e+00
   1.4620000e+03   1.1014461e+00
   1.4630000e+03   1.1582471e+00
   1.4640000e+03   1.2439734e+00
   1.4650000e+03   1.3635842e+00
   1.4660000e+03   1.5334294e+00
   1.4670000e+03   1.7145413e+00
   1.4680000e+03   1.9150917e+00
   1.4690000e+03   2.1644457e+00
   1.4700000e+03   2.4541859e+00
   1.4710000e+03   2.7849644e+00
   1.4720000e+03   3.1273091e+00
   1.4730000e+03   3.4570527e+00
   1.4740000e+03   3.7713602e+00
   1.4750000e+03   4.0611601e+00
   1.4760000e+03   4.3225724e+00
   1.4770000e+03   4.5480942e+00
   1.4780000e+03   4.7096964e+00
   1.4790000e+03   4.8143920e+00
   1.4800000e+03   4.8932914e+00
   1.4810000e+03   4.8704388e+00
   1.4820000e+03   4.7637960e+00
   1.4830000e+03   4.5931758e+00
   1.4840000e+03   4.3869916e+00
   1.4850000e+03   4.1485759e+00
   1.4860000e+03   3.8776659e+00
   1.4870000e+03   3.5970345e+00
   1.4880000e+03   3.3048750e+00
   1.4890000e+03   3.0144305e+00
   1.4900000e+03   2.7352696e+00
   1.4910000e+03   2.4554846e+00
   1.4920000e+03   2.2016884e+00
   1.4930000e+03   1.9740817e+00
   1.4940000e+03   1.7527889e+00
   1.4950000e+03   1.5711748e+00
   1.4960000e+03   1.4097529e+00
   1.4970000e+03   1.2779160e+00
   1.4980000e+03   1.1505803e+00
   1.4990000e+03   1.0388730e+00
   1.5000000e+03   9.4311973e-01
   1.5010000e+03   8.6404490e-01
   1.5020000e+03   7.7674711e-01
   1.5030000e+03   7.2840063e-01
   1.5040000e+03   7.1589073e-01
   1.5050000e+03   6.6344863e-01
   1.5060000e+03   6.2309201e-01
   1.5070000e+03   6.1128402e-01
   1.5080000e+03   6.0024192e-01
   1.5090000e+03   5.7318111e-01
   1.5100000e+03   5.4428802e-01
   1.5110000e+03   5.1991011e-01
   1.5120000e+03   5.1628401e-01
   1.5130000e+03   5.2051107e-01
   1.5140000e+03   4.9336730e-01
   1.5150000e+03   4.3444768e-01
   1.5160000e+03   3.9859392e-01
   1.5170000e+03   3.7552427e-01
   1.5180000e+03   3.2991377e-01
   1.5190000e+03   2.5864030e-01
   1.5200000e+03   2.4364924e-01
   1.5210000e+03   2.5879653e-01
   1.5220000e+03   1.9968814e-01
   1.5230000e+03   1.7926894e-01
   1.5240000e+03   1.6258210e-01
   1.5250000e+03   1.3827786e-01
   1.5260000e+03   1.4394043e-01
   1.5270000e+03   1.6220156e-01
   1.5280000e+03   1.7782570e-01
   1.5290000e+03   1.7239861e-01
   1.5300000e+03   1.5214296e-01
   1.5310000e+03   1.2492055e-01
   1.5320000e+03   1.1862683e-01
   1.5330000e+03   1.1791216e-01
   1.5340000e+03   1.1513393e-01
   1.5350000e+03   1.2146899e-01
   1.5360000e+03   1.3055819e-01
   1.5370000e+03   1.1689919e-01
   1.5380000e+03   1.0771751e-01
   1.5390000e+03   1.2229572e-01
   1.5400000e+03   1.0165390e-01
   1.5410000e+03   7.4653508e-02
   1.5420000e+03   7.0903041e-02
   1.5430000e+03   1.1044196e-01
   1.5440000e+03   1.2651117e-01
   1.5450000e+03   1.2273234e-01
   1.5460000e+03   1.1687791e-01
   1.5470000e+03   1.3825112e-01
   1.5480000e+03   1.5005092e-01
   1.5490000e+03   1.6108537e-01
   1.5500000e+03   1.9290525e-01
   1.5510000e+03   1.9776013e-01
   1.5520000e+03   1.9804301e-01
   1.5530000e+03   2.1386970e-01
   1.5540000e+03   2.4247993e-01
   1.5550000e+03   3.0409133e-01
   1.5560000e+03   3.6962129e-01
   1.5570000e+03   3.7924284e-01
   1.5580000e+03   4.2699340e-01
   1.5590000e+03   5.0687008e-01
   1.5600000e+03   6.0913543e-01
   1.5610000e+03   6.9906622e-01
   1.5620000e+03   8.2581466e-01
   1.5630000e+03   9.9158987e-01
   1.5640000e+03   1.1850111e+00
   1.5650000e+03   1.4351568e+00
   1.5660000e+03   1.7660821e+00
   1.5670000e+03   2.1456630e+00
   1.5680000e+03   2.4586165e+00
   1.5690000e+03   2.7975058e+00
   1.5700000e+03   3.1264403e+00
   1.5710000e+03   3.3987192e+00
   1.5720000e+03   3.6081762e+00
   1.5730000e+03   3.7195696e+00
   1.5740000e+03   3.7096111e+00
   1.5750000e+03   3.6194001e+00
   1.5760000e+03   3.4742967e+00
   1.5770000e+03   3.2687864e+00
   1.5780000e+03   2.9513479e+00
   1.5790000e+03   2.6147581e+00
   1.5800000e+03   2.2425740e+00
   1.5810000e+03   1.8766236e+00
   1.5820000e+03   1.5832690e+00
   1.5830000e+03   1.3740409e+00
   1.5840000e+03   1.2046580e+00
   1.5850000e+03   1.0048200e+00
   1.5860000e+03   9.0473553e-01
   1.5870000e+03   8.4257044e-01
   1.5880000e+03   7.7875385e-01
   1.5890000e+03   7.3859875e-01
   1.5900000e+03   7.0471016e-01
   1.5910000e+03   6.8564244e-01
   1.5920000e+03   7.0154586e-01
   1.5930000e+03   7.3764665e-01
   1.5940000e+03   8.0114086e-01
   1.5950000e+03   8.6342901e-01
   1.5960000e+03   9.4162681e-01
   1.5970000e+03   1.0044274e+00
   1.5980000e+03   1.0946878e+00
   1.5990000e+03   1.2826852e+00
   1.6000000e+03   1.5034119e+00
   1.6010000e+03   1.7743856e+00
   1.6020000e+03   2.1126233e+00
   1.6030000e+03   2.4808428e+00
   1.6040000e+03   2.8922430e+00
   1.6050000e+03   3.3410938e+00
   1.6060000e+03   3.8229738e+00
   1.6070000e+03   4.2925543e+00
   1.6080000e+03   4.7412775e+00
   1.6090000e+03   5.1441342e+00
   1.6100000e+03   5.4962500e+00
   1.6110000e+03   5.7721141e+00
   1.6120000e+03   5.9581457e+00
   1.6130000e+03   6.0874589e+00
   1.6140000e+03   6.1612504e+00
   1.6150000e+03   6.1232396e+00
   1.6160000e+03   5.9768006e+00
   1.6170000e+03   5.7832296e+00
   1.6180000e+03   5.5252965e+00
   1.6190000e+03   5.2582493e+00
   1.6200000e+03   4.9767404e+00
   1.6210000e+03   4.6217138e+00
   1.6220000e+03   4.2536961e+00
   1.6230000e+03   3.9038923e+00
   1.6240000e+03   3.6032747e+00
   1.6250000e+03   3.3162268e+00
   1.6260000e+03   3.0312874e+00
   1.6270000e+03   2.7254381e+00
   1.6280000e+03   2.4421493e+00
   1.6290000e+03   2.1825060e+00
   1.6300000e+03   1.9507623e+00
   1.6310000e+03   1.7598813e+00
   1.6320000e+03   1.5822527e+00
   1.6330000e+03   1.4309150e+00
   1.6340000e+03   1.3305168e+00
   1.6350000e+03   1.2500341e+00
   1.6360000e+03   1.1317669e+00
   1.6370000e+03   1.0324224e+00
   1.6380000e+03   1.0161425e+00
   1.6390000e+03   9.6658870e-01
   1.6400000e+03   9.3366041e-01
   1.6410000e+03   9.2926063e-01
   1.6420000e+03   8.7799764e-01
   1.6430000e+03   8.6852885e-01
   1.6440000e+03   8.8322901e-01
   1.6450000e+03   9.0094667e-01
   1.6460000e+03   8.9898170e-01
   1.6470000e+03   9.1438214e-01
   1.6480000e+03   9.4855945e-01
   1.6490000e+03   9.7446072e-01
   1.6500000e+03   1.0341014e+00
   1.6510000e+03   1.0946189e+00
   1.6520000e+03   1.1259397e+00
   1.6530000e+03   1.1630266e+00
   1.6540000e+03   1.2258819e+00
   1.6550000e+03   1.2871552e+00
   1.6560000e+03   1.3263792e+00
   1.6570000e+03   1.4359227e+00
   1.6580000e+03   1.5279276e+00
   1.6590000e+03   1.5501791e+00
   1.6600000e+03   1.5755148e+00
   1.6610000e+03   1.6585056e+00
   1.6620000e+03   1.7463318e+00
   1.6630000e+03   1.7638299e+00
   1.6640000e+03   1.8232764e+00
   1.6650000e+03   1.8833154e+00
   1.6660000e+03   1.9529852e+00
   1.6670000e+03   2.0250324e+00
   1.6680000e+03   2.0661351e+00
   1.6690000e+03   2.1186726e+00
   1.6700000e+03   2.1982352e+00
   1.6710000e+03   2.2529495e+00
   1.6720000e+03   2.3042776e+00
   1.6730000e+03   2.3668011e+00
   1.6740000e+03   2.4349815e+00
   1.6750000e+03   2.5195339e+00
   1.6760000e+03   2.5963493e+00
   1.6770000e+03   2.6354763e+00
   1.6780000e+03   2.7004036e+00
   1.6790000e+03   2.7286576e+00
   1.6800000e+03   2.7389319e+00
   1.6810000e+03   2.7715077e+00
   1.6820000e+03   2.7912649e+00
   1.6830000e+03   2.8211313e+00
   1.6840000e+03   2.8582313e+00
   1.6850000e+03   2.8607109e+00
   1.6860000e+03   2.8400968e+00
   1.6870000e+03   2.8216881e+00
   1.6880000e+03   2.8230986e+00
   1.6890000e+03   2.8193073e+00
   1.6900000e+03   2.7844127e+00
   1.6910000e+03   2.6961534e+00
   1.6920000e+03   2.5962102e+00
   1.6930000e+03   2.5044373e+00
   1.6940000e+03   2.4197347e+00
   1.6950000e+03   2.3226496e+00
   1.6960000e+03   2.1659427e+00
   1.6970000e+03   2.0460261e+00
   1.6980000e+03   1.9530135e+00
   1.6990000e+03   1.8204031e+00
   1.7000000e+03   1.7143714e+00
   1.7010000e+03   1.6226670e+00
   1.7020000e+03   1.5211640e+00
   1.7030000e+03   1.4307043e+00
   1.7040000e+03   1.3342377e+00
   1.7050000e+03   1.2431168e+00
   1.7060000e+03   1.1796320e+00
   1.7070000e+03   1.1280043e+00
   1.7080000e+03   1.0680420e+00
   1.7090000e+03   9.9957140e-01
   1.7100000e+03   9.5459154e-01
   1.7110000e+03   9.0068162e-01
   1.7120000e+03   8.3722316e-01
   1.7130000e+03   7.8616329e-01
   1.7140000e+03   7.3700355e-01
   1.7150000e+03   6.9114257e-01
   1.7160000e+03   6.3227951e-01
   1.7170000e+03   5.7770698e-01
   1.7180000e+03   5.4839937e-01
   1.7190000e+03   5.3458274e-01
   1.7200000e+03   4.9080229e-01
   1.7210000e+03   4.6320538e-01
   1.7220000e+03   4.4221197e-01
   1.7230000e+03   4.3098003e-01
   1.7240000e+03   4.2033441e-01
   1.7250000e+03   3.8435563e-01
   1.7260000e+03   3.3440905e-01
   1.7270000e+03   3.0086863e-01
   1.7280000e+03   2.9688743e-01
   1.7290000e+03   2.6233626e-01
   1.7300000e+03   2.1546797e-01
   1.7310000e+03   2.1334266e-01
   1.7320000e+03   1.8040881e-01
   1.7330000e+03   1.5834990e-01
   1.7340000e+03   1.4446292e-01
   1.7350000e+03   1.2205681e-01
   1.7360000e+03   8.4112096e-02
   1.7370000e+03   5.2663182e-02
   1.7380000e+03   5.5731115e-02
   1.7390000e+03   4.7983432e-02
   1.7400000e+03   2.3897220e-02
   1.7410000e+03  -5.1883614e-03
   1.7420000e+03   5.3412242e-05
   1.7430000e+03   3.7653902e-03
   1.7440000e+03   8.1002033e-03
   1.7450000e+03   2.9632388e-03
   1.7460000e+03   8.7329668e-04
   1.7470000e+03  -1.7160801e-02
   1.7480000e+03  -2.2607482e-02
   1.7490000e+03  -1.2279590e-02
   1.7500000e+03  -2.6200962e-02
   1.7510000e+03  -2.3633305e-02
   1.7520000e+03  -2.6332437e-03
   1.7530000e+03  -2.3703986e-02
   1.7540000e+03  -2.8396128e-02
   1.7550000e+03  -1.9346024e-02
   1.7560000e+03   1.7404050e-03
   1.7570000e+03   1.7208150e-02
   1.7580000e+03  -7.1656088e-03
   1.7590000e+03  -3.6504507e-02
   1.7600000e+03  -9.4910251e-03
   1.7610000e+03   4.8103739e-03
   1.7620000e+03   1.3424377e-02
   1.7630000e+03   2.0665804e-02
   1.7640000e+03   1.7902155e-02
   1.7650000e+03   1.6430736e-02
   1.7660000e+03   1.0341674e-02
   1.7670000e+03   4.5762127e-03
   1.7680000e+03   2.9422641e-02
   1.7690000e+03   4.1582103e-02
   1.7700000e+03   3.2843734e-02
   1.7710000e+03   4.5056307e-02
   1.7720000e+03   5.1627923e-02
   1.7730000e+03   5.5081102e-02
   1.7740000e+03   5.1049593e-02
   1.7750000e+03   5.4310329e-02
   1.7760000e+03   7.4060165e-02
   1.7770000e+03   8.3971971e-02
   1.7780000e+03   5.7147032e-02
   1.7790000e+03   5.2292373e-02
   1.7800000e+03   5.2970256e-02
   1.7810000e+03   6.0415874e-02
   1.7820000e+03   7.7178663e-02
   1.7830000e+03   6.7680812e-02
   1.7840000e+03   4.5090203e-02
   1.7850000e+03   3.0927803e-02
   1.7860000e+03   5.8418204e-02
   1.7870000e+03   6.5076695e-02
   1.7880000e+03   5.9141057e-02
   1.7890000e+03   6.8947700e-02
   1.7900000e+03   6.7673138e-02
   1.7910000e+03   4.8545269e-02
   1.7920000e+03   2.7112587e-02
   1.7930000e+03   5.2611044e-02
   1.7940000e+03   5.7019103e-02
   1.7950000e+03   6.1709591e-02
   1.7960000e+03   7.1046285e-02
   1.7970000e+03   3.9959036e-02
   1.7980000e+03   2.4211257e-02
   1.7990000e+03   3.2631424e-02
